1750481586734 4214.3828125 1
1750481724146 3930.421875 2
1750481832814 4005.0859375 3
1750482016497 3864.171875 4
1750482201301 4093.5390625 5
1750482380803 4060.1953125 6
1750482564390 3884.3828125 7
1750482745714 3862.4453125 8
1750482894864 4245.9609375 9
1750483320027 3963.3125 10
1750483507848 4184.7890625 11
1750483697444 4040.5390625 12
1750483881875 4007.0390625 13
1750484072225 4149.140625 14
1750484237673 3748.3203125 15
1750484426285 4169.7265625 16
1750484617699 3891.1640625 17
1750484810366 4097.09375 18
1750485006758 3773.6953125 19
1750485461323 3897.546875 20
1750485658690 4072.0390625 21
1750485856395 4076.9296875 22
1750486055923 4030.234375 23
1750486255075 4031.015625 24
1750486464304 3938.3359375 25
1750486670834 3987.6796875 26
1750486877955 4072.578125 27
1750487090325 4179.75 28
1750487299022 4011.171875 29
1750487900539 4083.1875 30
1750488112613 4178.3359375 31
1750488331135 4010.4609375 32
1750488552314 4111.7421875 33
1750488763423 4126.359375 34
1750488983091 3873.3359375 35
1750489201265 3992.5 36
1750489424197 3815.484375 37
1750489639204 4062.15625 38
1750489851844 4060.4921875 39
1750490401099 3682.234375 40
1750490616254 4025.546875 41
1750491049354 4113.0390625 42
1750491260613 4075.6796875 43
1750491474715 4214.171875 44
1750491688598 3869.8203125 45
1750491903750 4092.0234375 46
1750492121865 4166.6796875 47
1750492345436 3713.0078125 48
1750492561225 3923.109375 49
1750493146016 4195.8984375 50
1750493361671 4239.6796875 51
1750493578289 3799.2578125 52
1750493797259 4080.8359375 53
1750494011398 4008.1640625 54
1750494226708 3918.3203125 55
1750494443621 3773.09375 56
1750494660401 4163.265625 57
1750494883387 4118.1796875 58
1750495097515 3774.8203125 59
1750495625100 4248.703125 60
1750495844165 3969.578125 61
1750496077414 3920.625 62
1750496299699 3968.03125 63
1750496513078 3836.359375 64
1750496729600 4082.109375 65
1750496948033 4209.5625 66
1750497168813 4204.0390625 67
1750497387373 4031.28125 68
1750497607822 4149.5546875 69
1750498117766 4118.8359375 70
1750498337646 4007.3671875 71
1750498561268 4420.4765625 72
1750498786743 4423.8671875 73
1750499003660 3940.40625 74
1750499222479 4116.859375 75
1750499451830 4156.8515625 76
1750499677281 4082.6484375 77
1750499896776 3922.8046875 78
1750500123128 3922.8984375 79
1750500701062 3957.6171875 80
1750500928911 3992.09375 81
1750501153788 3796.9375 82
1750501385461 4139.71875 83
1750501616857 4271.6875 84
1750501838041 4098.09375 85
1750502063543 4132.265625 86
1750502292394 4119.2734375 87
1750502520623 3913.6953125 88
1750502748231 3836.453125 89
1750503369073 4377.5078125 90
1750503605433 4063.8359375 91
1750503844836 3636.984375 92
1750504077800 3764.4375 93
1750504320174 4170.71875 94
1750504556423 4277.984375 95
1750504786139 3743.9609375 96
1750505024333 4215.046875 97
1750505260664 3996.5625 98
1750505494707 4305.0859375 99
1750506066426 3959.7890625 100
1750506297986 4054.5546875 101
1750506542699 4119.1953125 102
1750506781651 4206.234375 103
1750507043667 3851.03125 104
1750507287503 3816.75 105
1750507525749 3777.5 106
1750507772569 3822.7421875 107
1750508018680 3719.6796875 108
1750508265530 4142.078125 109
1750508828561 3887.3046875 110
1750509077573 4228.265625 111
1750509321631 3907.0234375 112
1750509573962 3989.2890625 113
1750509825399 4126.359375 114
1750510084926 3685.28125 115
1750510359439 4051.0234375 116
1750510634817 3942.3984375 117
1750510912646 3780.9609375 118
1750511213840 3996.96875 119
1750512203481 3753.984375 120
1750512516319 4113.53125 121
1750512830077 3869.125 122
1750513143484 3891.3984375 123
1750513442925 4106.1171875 124
1750513741978 3684.015625 125
1750514046624 4080.890625 126
1750514364120 3880.046875 127
1750514695407 4183.8671875 128
1750515080354 4282.484375 129
1750516315499 4076.5625 130
1750516694296 3918.984375 131
1750517095134 3938.0234375 132
1750517461997 4089.703125 133
1750517848025 3861.8828125 134
1750518213838 3989.21875 135
1750518565175 3959.515625 136
1750518917750 3893.234375 137
1750519279625 3986.1484375 138
1750519598684 3761.7890625 139
1750520648721 4221.6640625 140
1750520982281 3929.546875 141
1750521336895 4206.2734375 142
1750521679480 4030.640625 143
1750522038555 3992.578125 144
1750522374845 3996.3828125 145
1750522705318 4027.4140625 146
1750523030847 3799.0859375 147
1750523374472 4082.2421875 148
1750523694320 4106.5234375 149
1750524719759 4068.203125 150
1750525032970 4424.125 151
1750525354946 3774.296875 152
1750525677414 3859.6484375 153
1750525997372 4265.265625 154
1750526323544 4094.3046875 155
1750526653863 4133.2109375 156
1750526979770 3781.484375 157
1750527311525 4144.3203125 158
1750527630532 4081.203125 159
1750528511966 3800.65625 160
1750528827885 4209.109375 161
1750529146063 3771.0 162
1750529457979 4185.90625 163
1750529771115 4132.71875 164
1750530078631 4046.1015625 165
1750530382115 3915.375 166
1750530691782 3973.03125 167
1750530989560 4227.421875 168
1750531278705 4074.125 169
1750532008171 4081.4453125 170
1750532288290 4189.4375 171
1750532565634 4006.640625 172
1750532861050 3992.9140625 173
1750533154806 4277.5625 174
1750533441192 3981.0703125 175
1750533726194 3898.4140625 176
1750533997909 3852.375 177
1750534268259 3866.390625 178
1750534552013 4091.8046875 179
1750535251430 3850.7578125 180
1750535531196 3927.96875 181
1750535811969 3876.859375 182
1750536091438 3914.703125 183
1750536367799 3959.3203125 184
1750536672831 4017.453125 185
1750536955205 3861.515625 186
1750537247089 4022.5546875 187
1750537548642 3895.3203125 188
1750537862422 3801.3984375 189
1750538654810 3922.796875 190
1750538954617 4306.984375 191
1750539258386 3969.6484375 192
1750539547146 4242.484375 193
1750539842737 3865.5703125 194
1750540128683 3952.8125 195
1750540405826 3833.0703125 196
1750540692466 4144.3203125 197
1750540973180 3897.2109375 198
1750541270685 3896.515625 199
1750541989864 4222.703125 200
1750542267873 4264.171875 201
1750542548953 4310.1015625 202
1750542832769 3908.140625 203
1750543104263 3615.8046875 204
1750543385257 4008.359375 205
1750543651429 3895.4296875 206
1750543937350 4054.4140625 207
1750544206476 4117.1953125 208
1750544483514 4031.5 209
1750545129814 4114.8125 210
1750545408626 4168.34375 211
1750545682279 4171.484375 212
1750545954874 4100.1640625 213
1750546230031 3914.8515625 214
1750546508009 3638.296875 215
1750546777855 4005.1640625 216
1750547058762 4021.125 217
1750547317700 4122.5703125 218
1750547595676 4274.9765625 219
1750548245774 4067.234375 220
1750548514137 4183.6796875 221
1750548767764 3881.359375 222
1750549030480 3572.609375 223
1750549284716 4115.3984375 224
1750549536555 4223.0390625 225
1750549789196 3875.9140625 226
1750550054297 4042.2265625 227
1750550305629 3874.5546875 228
1750550574349 4254.578125 229
1750551257471 3894.2890625 230
1750551524919 4038.34375 231
1750551790166 4170.7890625 232
1750552059496 4336.9375 233
1750552333649 4404.9296875 234
1750552590382 3991.4453125 235
1750552847177 4166.2265625 236
1750553114323 4111.625 237
1750553372220 4087.765625 238
1750553641163 3906.53125 239
1750554272843 3990.265625 240
1750554532658 3853.9296875 241
1750554807212 4102.078125 242
1750555070866 3814.9609375 243
1750555348177 3992.640625 244
1750555619029 4109.6171875 245
1750555912096 3953.1171875 246
1750556201548 4266.953125 247
1750556465995 3949.234375 248
1750556780891 4349.8125 249
1750557434440 4085.5390625 250
1750557703331 3751.1171875 251
1750557977141 4004.59375 252
1750558270312 4030.8203125 253
1750558538189 4040.3828125 254
1750558818213 3997.8828125 255
1750559082238 3902.34375 256
1750559346839 4153.6640625 257
1750559607780 4088.953125 258
1750559884350 3982.203125 259
1750560510267 3866.234375 260
1750560772825 4045.140625 261
1750561042523 4318.15625 262
1750561299174 3927.125 263
1750561558060 3654.109375 264
1750561813783 3993.0234375 265
1750562080828 4176.875 266
1750562357766 4172.796875 267
1750562618644 3969.8828125 268
1750562877322 3906.859375 269
1750563572426 4075.7578125 270
1750563846289 4166.2734375 271
1750564111453 3939.921875 272
1750564385175 4242.4375 273
1750564653742 3893.1015625 274
1750564938901 3822.8125 275
1750565205499 3904.5859375 276
1750565465980 4112.5703125 277
1750565726126 3879.9453125 278
1750565984939 4159.8515625 279
1750566634927 4287.734375 280
1750566897081 3931.6484375 281
1750567156743 4125.0703125 282
1750567416131 3834.0703125 283
1750567666229 4160.5390625 284
1750567916494 3909.6875 285
1750568163374 4215.40625 286
1750568419893 4294.875 287
1750568668858 4102.3203125 288
1750568917138 4277.828125 289
1750569517460 4070.875 290
1750569774871 4105.46875 291
1750570017665 3995.140625 292
1750570255484 3799.7265625 293
1750570499592 4181.2421875 294
1750570743114 4191.9453125 295
1750570978414 4018.9921875 296
1750571217660 3873.609375 297
1750571446322 3898.6796875 298
1750571678782 4159.875 299
1750572286226 4206.3359375 300
1750572519633 3838.71875 301
1750572752237 3912.75 302
1750572991831 4285.84375 303
1750573234036 3859.53125 304
1750573474743 4116.0625 305
1750573721816 4235.0546875 306
1750573973234 4086.7265625 307
1750574214107 3879.6171875 308
1750574457892 3986.84375 309
1750575028311 4237.5859375 310
1750575289526 4060.8203125 311
1750575532092 4239.625 312
1750575773233 4078.796875 313
1750576005294 4010.765625 314
1750576241584 3750.0078125 315
1750576483151 3961.5390625 316
1750576723255 4009.7265625 317
1750576965245 4177.46875 318
1750577200702 4105.2734375 319
1750577743413 3817.0546875 320
1750577986432 4174.1484375 321
1750578221438 4025.875 322
1750578460447 4089.6171875 323
1750578717224 3975.484375 324
1750578951944 3977.2578125 325
1750579187775 4301.3046875 326
1750579433673 4103.34375 327
1750579672538 4502.5859375 328
1750579906586 4220.90625 329
1750580437726 3918.6171875 330
1750580672853 3767.1953125 331
1750580907008 3989.453125 332
1750581143983 3996.6953125 333
1750581389719 4213.3515625 334
1750581655932 3978.234375 335
1750581897205 3895.8984375 336
1750582151126 3767.21875 337
1750582400200 4079.8203125 338
1750582654460 3873.625 339
1750583287182 3991.921875 340
1750583545854 4117.5234375 341
1750583820405 4122.1171875 342
1750584086648 4024.515625 343
1750584354456 3908.0546875 344
1750584624306 4257.5234375 345
1750584881629 3683.5390625 346
1750585136212 3697.109375 347
1750585383584 4202.265625 348
1750585633146 3839.484375 349
1750586274948 3619.1484375 350
1750586529890 3796.2890625 351
1750586789633 4172.890625 352
1750587046206 4198.5703125 353
1750587294912 3861.21875 354
1750587560299 4206.6640625 355
1750587831560 4066.7734375 356
1750588108048 4463.296875 357
1750588384769 4145.40625 358
1750588652810 3795.0859375 359
1750589306668 4108.71875 360
1750589578132 4028.2890625 361
1750589866094 4409.078125 362
1750590140044 4286.515625 363
1750590410062 3645.2421875 364
1750590675051 4116.6015625 365
