1750481586734 0.14285714285714285 1
1750481724146 0.14285714285714285 2
1750481832814 0.14285714285714285 3
1750482016497 0.14285714285714285 4
1750482201301 0.14285714285714285 5
1750482380803 0.14285714285714285 6
1750482564390 0.14285714285714285 7
1750482745714 0.14285714285714285 8
1750482894864 0.14285714285714285 9
1750483320027 0.14285714285714285 10
1750483507848 0.14285714285714285 11
1750483697444 0.14285714285714285 12
1750483881875 0.14285714285714285 13
1750484072225 0.14285714285714285 14
1750484237673 0.14285714285714285 15
1750484426285 0.14285714285714285 16
1750484617699 0.14285714285714285 17
1750484810366 0.14285714285714285 18
1750485006758 0.14285714285714285 19
1750485461323 0.14285714285714285 20
1750485658690 0.14285714285714285 21
1750485856395 0.14285714285714285 22
1750486055923 0.14285714285714285 23
1750486255075 0.14285714285714285 24
1750486464304 0.14285714285714285 25
1750486670834 0.14285714285714285 26
1750486877955 0.14285714285714285 27
1750487090325 0.14285714285714285 28
1750487299022 0.14285714285714285 29
1750487900539 0.14285714285714285 30
1750488112613 0.14285714285714285 31
1750488331135 0.14285714285714285 32
1750488552314 0.14285714285714285 33
1750488763423 0.14285714285714285 34
1750488983091 0.14285714285714285 35
1750489201265 0.14285714285714285 36
1750489424197 0.14285714285714285 37
1750489639204 0.14285714285714285 38
1750489851844 0.14285714285714285 39
1750490401099 0.14285714285714285 40
1750490616254 0.14285714285714285 41
1750491049354 0.14285714285714285 42
1750491260613 0.14285714285714285 43
1750491474715 0.14285714285714285 44
1750491688598 0.14285714285714285 45
1750491903750 0.14285714285714285 46
1750492121865 0.14285714285714285 47
1750492345436 0.14285714285714285 48
1750492561225 0.14285714285714285 49
1750493146016 0.14285714285714285 50
1750493361671 0.14285714285714285 51
1750493578289 0.14285714285714285 52
1750493797259 0.14285714285714285 53
1750494011398 0.14285714285714285 54
1750494226708 0.14285714285714285 55
1750494443621 0.14285714285714285 56
1750494660401 0.14285714285714285 57
1750494883387 0.14285714285714285 58
1750495097515 0.14285714285714285 59
1750495625100 0.14285714285714285 60
1750495844165 0.14285714285714285 61
1750496077414 0.14285714285714285 62
1750496299699 0.14285714285714285 63
1750496513078 0.14285714285714285 64
1750496729600 0.14285714285714285 65
1750496948033 0.14285714285714285 66
1750497168813 0.14285714285714285 67
1750497387373 0.14285714285714285 68
1750497607822 0.14285714285714285 69
1750498117766 0.14285714285714285 70
1750498337646 0.14285714285714285 71
1750498561268 0.14285714285714285 72
1750498786743 0.14285714285714285 73
1750499003660 0.14285714285714285 74
1750499222479 0.14285714285714285 75
1750499451830 0.14285714285714285 76
1750499677281 0.14285714285714285 77
1750499896776 0.14285714285714285 78
1750500123128 0.14285714285714285 79
1750500701062 0.14285714285714285 80
1750500928911 0.14285714285714285 81
1750501153788 0.14285714285714285 82
1750501385461 0.14285714285714285 83
1750501616857 0.14285714285714285 84
1750501838041 0.14285714285714285 85
1750502063543 0.14285714285714285 86
1750502292394 0.14285714285714285 87
1750502520623 0.14285714285714285 88
1750502748231 0.14285714285714285 89
1750503369073 0.14285714285714285 90
1750503605433 0.14285714285714285 91
1750503844836 0.14285714285714285 92
1750504077800 0.14285714285714285 93
1750504320174 0.14285714285714285 94
1750504556423 0.14285714285714285 95
1750504786139 0.14285714285714285 96
1750505024333 0.14285714285714285 97
1750505260664 0.14285714285714285 98
1750505494707 0.14285714285714285 99
1750506066426 0.14285714285714285 100
1750506297986 0.14285714285714285 101
1750506542699 0.14285714285714285 102
1750506781651 0.14285714285714285 103
1750507043667 0.14285714285714285 104
1750507287503 0.14285714285714285 105
1750507525749 0.14285714285714285 106
1750507772569 0.14285714285714285 107
1750508018680 0.14285714285714285 108
1750508265530 0.14285714285714285 109
1750508828561 0.14285714285714285 110
1750509077573 0.14285714285714285 111
1750509321631 0.14285714285714285 112
1750509573962 0.14285714285714285 113
1750509825399 0.14285714285714285 114
1750510084926 0.14285714285714285 115
1750510359439 0.14285714285714285 116
1750510634817 0.14285714285714285 117
1750510912646 0.14285714285714285 118
1750511213840 0.14285714285714285 119
1750512203481 0.14285714285714285 120
1750512516319 0.14285714285714285 121
1750512830077 0.14285714285714285 122
1750513143484 0.14285714285714285 123
1750513442925 0.14285714285714285 124
1750513741978 0.14285714285714285 125
1750514046624 0.14285714285714285 126
1750514364120 0.14285714285714285 127
1750514695407 0.14285714285714285 128
1750515080354 0.14285714285714285 129
1750516315499 0.14285714285714285 130
1750516694296 0.14285714285714285 131
1750517095134 0.14285714285714285 132
1750517461997 0.14285714285714285 133
1750517848025 0.14285714285714285 134
1750518213838 0.14285714285714285 135
1750518565175 0.14285714285714285 136
1750518917750 0.14285714285714285 137
1750519279625 0.14285714285714285 138
1750519598684 0.14285714285714285 139
1750520648721 0.14285714285714285 140
1750520982281 0.14285714285714285 141
1750521336895 0.14285714285714285 142
1750521679480 0.14285714285714285 143
1750522038555 0.14285714285714285 144
1750522374845 0.14285714285714285 145
1750522705318 0.14285714285714285 146
1750523030847 0.14285714285714285 147
1750523374472 0.14285714285714285 148
1750523694320 0.14285714285714285 149
1750524719759 0.14285714285714285 150
1750525032970 0.14285714285714285 151
1750525354946 0.14285714285714285 152
1750525677414 0.14285714285714285 153
1750525997372 0.14285714285714285 154
1750526323544 0.14285714285714285 155
1750526653863 0.14285714285714285 156
1750526979770 0.14285714285714285 157
1750527311525 0.14285714285714285 158
1750527630532 0.14285714285714285 159
1750528511966 0.14285714285714285 160
1750528827885 0.14285714285714285 161
1750529146063 0.14285714285714285 162
1750529457979 0.14285714285714285 163
1750529771115 0.14285714285714285 164
1750530078631 0.14285714285714285 165
1750530382115 0.14285714285714285 166
1750530691782 0.14285714285714285 167
1750530989560 0.14285714285714285 168
1750531278705 0.14285714285714285 169
1750532008171 0.14285714285714285 170
1750532288290 0.14285714285714285 171
1750532565634 0.14285714285714285 172
1750532861050 0.14285714285714285 173
1750533154806 0.14285714285714285 174
1750533441192 0.14285714285714285 175
1750533726194 0.14285714285714285 176
1750533997909 0.14285714285714285 177
1750534268259 0.14285714285714285 178
1750534552013 0.14285714285714285 179
1750535251430 0.14285714285714285 180
1750535531196 0.14285714285714285 181
1750535811969 0.14285714285714285 182
1750536091438 0.14285714285714285 183
1750536367799 0.14285714285714285 184
1750536672831 0.14285714285714285 185
1750536955205 0.14285714285714285 186
1750537247089 0.14285714285714285 187
1750537548642 0.14285714285714285 188
1750537862422 0.14285714285714285 189
1750538654810 0.14285714285714285 190
1750538954617 0.14285714285714285 191
1750539258386 0.14285714285714285 192
1750539547146 0.14285714285714285 193
1750539842737 0.14285714285714285 194
1750540128683 0.14285714285714285 195
1750540405826 0.14285714285714285 196
1750540692466 0.14285714285714285 197
1750540973180 0.14285714285714285 198
1750541270685 0.14285714285714285 199
1750541989864 0.14285714285714285 200
1750542267873 0.14285714285714285 201
1750542548953 0.14285714285714285 202
1750542832769 0.14285714285714285 203
1750543104263 0.14285714285714285 204
1750543385257 0.14285714285714285 205
1750543651429 0.14285714285714285 206
1750543937350 0.14285714285714285 207
1750544206476 0.14285714285714285 208
1750544483514 0.14285714285714285 209
1750545129814 0.14285714285714285 210
1750545408626 0.14285714285714285 211
1750545682279 0.14285714285714285 212
1750545954874 0.14285714285714285 213
1750546230031 0.14285714285714285 214
1750546508009 0.14285714285714285 215
1750546777855 0.14285714285714285 216
1750547058762 0.14285714285714285 217
1750547317700 0.14285714285714285 218
1750547595676 0.14285714285714285 219
1750548245774 0.14285714285714285 220
1750548514137 0.14285714285714285 221
1750548767764 0.14285714285714285 222
1750549030480 0.14285714285714285 223
1750549284716 0.14285714285714285 224
1750549536555 0.14285714285714285 225
1750549789196 0.14285714285714285 226
1750550054297 0.14285714285714285 227
1750550305629 0.14285714285714285 228
1750550574349 0.14285714285714285 229
1750551257471 0.14285714285714285 230
1750551524919 0.14285714285714285 231
1750551790166 0.14285714285714285 232
1750552059496 0.14285714285714285 233
1750552333649 0.14285714285714285 234
1750552590382 0.14285714285714285 235
1750552847177 0.14285714285714285 236
1750553114323 0.14285714285714285 237
1750553372220 0.14285714285714285 238
1750553641163 0.14285714285714285 239
1750554272843 0.14285714285714285 240
1750554532658 0.14285714285714285 241
1750554807212 0.14285714285714285 242
1750555070866 0.14285714285714285 243
1750555348177 0.14285714285714285 244
1750555619029 0.14285714285714285 245
1750555912096 0.14285714285714285 246
1750556201548 0.14285714285714285 247
1750556465995 0.14285714285714285 248
1750556780891 0.14285714285714285 249
1750557434440 0.14285714285714285 250
1750557703331 0.14285714285714285 251
1750557977141 0.14285714285714285 252
1750558270312 0.14285714285714285 253
1750558538189 0.14285714285714285 254
1750558818213 0.14285714285714285 255
1750559082238 0.14285714285714285 256
1750559346839 0.14285714285714285 257
1750559607780 0.14285714285714285 258
1750559884350 0.14285714285714285 259
1750560510267 0.14285714285714285 260
1750560772825 0.14285714285714285 261
1750561042523 0.14285714285714285 262
1750561299174 0.14285714285714285 263
1750561558060 0.14285714285714285 264
1750561813783 0.14285714285714285 265
1750562080828 0.14285714285714285 266
1750562357766 0.14285714285714285 267
1750562618644 0.14285714285714285 268
1750562877322 0.14285714285714285 269
1750563572426 0.14285714285714285 270
1750563846289 0.14285714285714285 271
1750564111453 0.14285714285714285 272
1750564385175 0.14285714285714285 273
1750564653742 0.14285714285714285 274
1750564938901 0.14285714285714285 275
1750565205499 0.14285714285714285 276
1750565465980 0.14285714285714285 277
1750565726126 0.14285714285714285 278
1750565984939 0.14285714285714285 279
1750566634927 0.14285714285714285 280
1750566897081 0.14285714285714285 281
1750567156743 0.14285714285714285 282
1750567416131 0.14285714285714285 283
1750567666229 0.14285714285714285 284
1750567916494 0.14285714285714285 285
1750568163374 0.14285714285714285 286
1750568419893 0.14285714285714285 287
1750568668858 0.14285714285714285 288
1750568917138 0.14285714285714285 289
1750569517460 0.14285714285714285 290
1750569774871 0.14285714285714285 291
1750570017665 0.14285714285714285 292
1750570255484 0.14285714285714285 293
1750570499592 0.14285714285714285 294
1750570743114 0.14285714285714285 295
1750570978414 0.14285714285714285 296
1750571217660 0.14285714285714285 297
1750571446322 0.14285714285714285 298
1750571678782 0.14285714285714285 299
1750572286226 0.14285714285714285 300
1750572519633 0.14285714285714285 301
1750572752237 0.14285714285714285 302
1750572991831 0.14285714285714285 303
1750573234036 0.14285714285714285 304
1750573474743 0.14285714285714285 305
1750573721816 0.14285714285714285 306
1750573973234 0.14285714285714285 307
1750574214107 0.14285714285714285 308
1750574457892 0.14285714285714285 309
1750575028311 0.14285714285714285 310
1750575289526 0.14285714285714285 311
1750575532092 0.14285714285714285 312
1750575773233 0.14285714285714285 313
1750576005294 0.14285714285714285 314
1750576241584 0.14285714285714285 315
1750576483151 0.14285714285714285 316
1750576723255 0.14285714285714285 317
1750576965245 0.14285714285714285 318
1750577200702 0.14285714285714285 319
1750577743413 0.14285714285714285 320
1750577986432 0.14285714285714285 321
1750578221438 0.14285714285714285 322
1750578460447 0.14285714285714285 323
1750578717224 0.14285714285714285 324
1750578951944 0.14285714285714285 325
1750579187775 0.14285714285714285 326
1750579433673 0.14285714285714285 327
1750579672538 0.14285714285714285 328
1750579906586 0.14285714285714285 329
1750580437726 0.14285714285714285 330
1750580672853 0.14285714285714285 331
1750580907008 0.14285714285714285 332
1750581143983 0.14285714285714285 333
1750581389719 0.14285714285714285 334
1750581655932 0.14285714285714285 335
1750581897205 0.14285714285714285 336
1750582151126 0.14285714285714285 337
1750582400200 0.14285714285714285 338
1750582654460 0.14285714285714285 339
1750583287182 0.14285714285714285 340
1750583545854 0.14285714285714285 341
1750583820405 0.14285714285714285 342
1750584086648 0.14285714285714285 343
1750584354456 0.14285714285714285 344
1750584624306 0.14285714285714285 345
1750584881629 0.14285714285714285 346
1750585136212 0.14285714285714285 347
1750585383584 0.14285714285714285 348
1750585633146 0.14285714285714285 349
1750586274948 0.14285714285714285 350
1750586529890 0.14285714285714285 351
1750586789633 0.14285714285714285 352
1750587046206 0.14285714285714285 353
1750587294912 0.14285714285714285 354
1750587560299 0.14285714285714285 355
1750587831560 0.14285714285714285 356
1750588108048 0.14285714285714285 357
1750588384769 0.14285714285714285 358
1750588652810 0.14285714285714285 359
1750589306668 0.14285714285714285 360
1750589578132 0.14285714285714285 361
1750589866094 0.14285714285714285 362
1750590140044 0.14285714285714285 363
1750590410062 0.14285714285714285 364
1750590675051 0.14285714285714285 365
