1750481586734 707.3247680664062 1
1750481724146 743.4944458007812 2
1750481832814 728.6975708007812 3
1750482016497 767.3180541992188 4
1750482201301 710.6171875 5
1750482380803 739.2611694335938 6
1750482564390 749.1182861328125 7
1750482745714 734.3694458007812 8
1750482894864 732.7053833007812 9
1750483320027 756.7611694335938 10
1750483507848 801.5535888671875 11
1750483697444 791.4051513671875 12
1750483881875 799.6864013671875 13
1750484072225 821.1004638671875 14
1750484237673 830.1596069335938 15
1750484426285 870.6160888671875 16
1750484617699 837.3448486328125 17
1750484810366 870.7086791992188 18
1750485006758 918.7935180664062 19
1750485461323 885.1841430664062 20
1750485658690 908.3660888671875 21
1750485856395 903.03125 22
1750486055923 945.0993041992188 23
1750486255075 964.0055541992188 24
1750486464304 1052.2020263671875 25
1750486670834 1069.427490234375 26
1750486877955 1140.8739013671875 27
1750487090325 1210.845947265625 28
1750487299022 1178.9017333984375 29
1750487900539 1247.8682861328125 30
1750488112613 1199.767822265625 31
1750488331135 1247.619384765625 32
1750488552314 1324.114990234375 33
1750488763423 1229.4798583984375 34
1750488983091 1287.9967041015625 35
1750489201265 1262.424072265625 36
1750489424197 1324.205322265625 37
1750489639204 1227.8214111328125 38
1750489851844 1222.4888916015625 39
1750490401099 1146.6060791015625 40
1750490616254 1194.7667236328125 41
1750491049354 1269.2120361328125 42
1750491260613 1154.658447265625 43
1750491474715 1187.5245361328125 44
1750491688598 1238.921875 45
1750491903750 1238.96875 46
1750492121865 1279.3548583984375 47
1750492345436 1248.611572265625 48
1750492561225 1270.546875 49
1750493146016 1332.515625 50
1750493361671 1232.364990234375 51
1750493578289 1246.2276611328125 52
1750493797259 1345.6060791015625 53
1750494011398 1272.802490234375 54
1750494226708 1275.408447265625 55
1750494443621 1297.455322265625 56
1750494660401 1331.2623291015625 57
1750494883387 1366.419677734375 58
1750495097515 1314.6685791015625 59
1750495625100 1370.3638916015625 60
1750495844165 1367.431884765625 61
1750496077414 1228.6439208984375 62
1750496299699 1352.6964111328125 63
1750496513078 1213.341552734375 64
1750496729600 1308.8326416015625 65
1750496948033 1350.0635986328125 66
1750497168813 1335.771240234375 67
1750497387373 1351.3292236328125 68
1750497607822 1330.0848388671875 69
1750498117766 1373.654052734375 70
1750498337646 1431.5792236328125 71
1750498561268 1431.6026611328125 72
1750498786743 1291.2532958984375 73
1750499003660 1256.6842041015625 74
1750499222479 1358.966552734375 75
1750499451830 1499.0557861328125 76
1750499677281 1452.310302734375 77
1750499896776 1370.1953125 78
1750500123128 1483.7667236328125 79
1750500701062 1407.1751708984375 80
1750500928911 1519.34375 81
1750501153788 1538.869384765625 82
1750501385461 1570.4251708984375 83
1750501616857 1521.0714111328125 84
1750501838041 1548.244384765625 85
1750502063543 1518.345947265625 86
1750502292394 1543.5770263671875 87
1750502520623 1678.236572265625 88
1750502748231 1620.8125 89
1750503369073 1802.9609375 90
1750503605433 1790.0201416015625 91
1750503844836 1797.1295166015625 92
1750504077800 1743.8515625 93
1750504320174 1897.744384765625 94
1750504556423 1743.7957763671875 95
1750504786139 1670.65625 96
1750505024333 1621.2298583984375 97
1750505260664 1670.189697265625 98
1750505494707 1628.9129638671875 99
1750506066426 1803.9798583984375 100
1750506297986 1766.411865234375 101
1750506542699 1857.5167236328125 102
1750506781651 1760.3214111328125 103
1750507043667 1724.2142333984375 104
1750507287503 1864.1439208984375 105
1750507525749 1837.5870361328125 106
1750507772569 1872.7354736328125 107
1750508018680 2044.4620361328125 108
1750508265530 1974.533447265625 109
1750508828561 1835.213134765625 110
1750509077573 2169.6640625 111
1750509321631 2038.3626708984375 112
1750509573962 2221.16064453125 113
1750509825399 2234.921875 114
1750510084926 2505.806884765625 115
1750510359439 2516.759033203125 116
1750510634817 2791.244384765625 117
1750510912646 2904.380615234375 118
1750511213840 3380.389404296875 119
1750512203481 3628.94873046875 120
1750512516319 3732.673095703125 121
1750512830077 3584.626220703125 122
1750513143484 3484.287841796875 123
1750513442925 3264.28564453125 124
1750513741978 3286.42529296875 125
1750514046624 3333.908447265625 126
1750514364120 3587.65283203125 127
1750514695407 4111.25244140625 128
1750515080354 4637.7099609375 129
1750516315499 4649.5224609375 130
1750516694296 4734.4208984375 131
1750517095134 4784.88818359375 132
1750517461997 4613.0400390625 133
1750517848025 4557.05029296875 134
1750518213838 4436.14501953125 135
1750518565175 4191.1552734375 136
1750518917750 4236.99755859375 137
1750519279625 4050.08154296875 138
1750519598684 3817.705322265625 139
1750520648721 3944.091552734375 140
1750520982281 3884.587158203125 141
1750521336895 4220.95751953125 142
1750521679480 4054.454345703125 143
1750522038555 4106.16943359375 144
1750522374845 4044.755615234375 145
1750522705318 3995.623779296875 146
1750523030847 3787.036865234375 147
1750523374472 3898.919677734375 148
1750523694320 3698.51220703125 149
1750524719759 3854.685302734375 150
1750525032970 3679.571533203125 151
1750525354946 3737.3984375 152
1750525677414 3803.203125 153
1750525997372 3795.147216796875 154
1750526323544 3886.52783203125 155
1750526653863 3915.189697265625 156
1750526979770 3783.39501953125 157
1750527311525 3845.47314453125 158
1750527630532 3676.40966796875 159
1750528511966 3485.283447265625 160
1750528827885 3628.77783203125 161
1750529146063 3592.444091796875 162
1750529457979 3510.74560546875 163
1750529771115 3430.09716796875 164
1750530078631 3359.482177734375 165
1750530382115 3390.97314453125 166
1750530691782 3471.149658203125 167
1750530989560 3197.056884765625 168
1750531278705 3086.984375 169
1750532008171 2984.984375 170
1750532288290 2838.506591796875 171
1750532565634 2856.016845703125 172
1750532861050 3075.603759765625 173
1750533154806 3135.80810546875 174
1750533441192 2802.630615234375 175
1750533726194 2792.29345703125 176
1750533997909 2517.780029296875 177
1750534268259 2691.436279296875 178
1750534552013 2927.795654296875 179
1750535251430 2697.11376953125 180
1750535531196 2730.485595703125 181
1750535811969 2817.892822265625 182
1750536091438 2647.77685546875 183
1750536367799 2749.860595703125 184
1750536672831 2800.765625 185
1750536955205 2816.399658203125 186
1750537247089 2853.94970703125 187
1750537548642 3024.890625 188
1750537862422 3298.497802734375 189
1750538654810 3217.240966796875 190
1750538954617 3095.24658203125 191
1750539258386 3202.609375 192
1750539547146 2877.2734375 193
1750539842737 2879.6484375 194
1750540128683 2963.88720703125 195
1750540405826 2799.87060546875 196
1750540692466 2796.9375 197
1750540973180 2744.158447265625 198
1750541270685 2898.185302734375 199
1750541989864 2831.6796875 200
1750542267873 2748.56591796875 201
1750542548953 2864.524658203125 202
1750542832769 2715.0859375 203
1750543104263 2612.06689453125 204
1750543385257 2685.25439453125 205
1750543651429 2449.880615234375 206
1750543937350 2798.299072265625 207
1750544206476 2566.03466796875 208
1750544483514 2672.264404296875 209
1750545129814 2833.006591796875 210
1750545408626 2805.469970703125 211
1750545682279 2662.47314453125 212
1750545954874 2630.063720703125 213
1750546230031 2618.166259765625 214
1750546508009 2595.6015625 215
1750546777855 2612.453125 216
1750547058762 2688.46533203125 217
1750547317700 2458.57470703125 218
1750547595676 2714.00439453125 219
1750548245774 2290.204345703125 220
1750548514137 2431.635009765625 221
1750548767764 2377.32373046875 222
1750549030480 2426.272216796875 223
1750549284716 2268.1640625 224
1750549536555 2201.55126953125 225
1750549789196 2302.219970703125 226
1750550054297 2338.55810546875 227
1750550305629 2295.130615234375 228
1750550574349 2554.053466796875 229
1750551257471 2604.478759765625 230
1750551524919 2527.310302734375 231
1750551790166 2390.350341796875 232
1750552059496 2687.923095703125 233
1750552333649 2637.036865234375 234
1750552590382 2302.053466796875 235
1750552847177 2385.594970703125 236
1750553114323 2583.8125 237
1750553372220 2437.02685546875 238
1750553641163 2554.34375 239
1750554272843 2529.334716796875 240
1750554532658 2446.71435546875 241
1750554807212 2697.10595703125 242
1750555070866 2536.32373046875 243
1750555348177 2721.725341796875 244
1750555619029 2746.752197265625 245
1750555912096 2979.9140625 246
1750556201548 2747.501220703125 247
1750556465995 2655.033447265625 248
1750556780891 2936.563720703125 249
1750557434440 2733.31591796875 250
1750557703331 2527.24658203125 251
1750557977141 2834.283447265625 252
1750558270312 2824.0703125 253
1750558538189 2543.62939453125 254
1750558818213 2762.03466796875 255
1750559082238 2477.611572265625 256
1750559346839 2490.774658203125 257
1750559607780 2410.016845703125 258
1750559884350 2442.203125 259
1750560510267 2235.54345703125 260
1750560772825 2170.9921875 261
1750561042523 2404.08154296875 262
1750561299174 2258.658447265625 263
1750561558060 2207.9921875 264
1750561813783 2356.6875 265
1750562080828 2411.71875 266
1750562357766 2481.071533203125 267
1750562618644 2397.353759765625 268
1750562877322 2406.4140625 269
1750563572426 2874.319091796875 270
1750563846289 2616.58251953125 271
1750564111453 2468.66845703125 272
1750564385175 2547.765625 273
1750564653742 2415.295654296875 274
1750564938901 2532.640625 275
1750565205499 2572.772216796875 276
1750565465980 2389.953125 277
1750565726126 2327.240966796875 278
1750565984939 2381.90625 279
1750566634927 2411.9921875 280
1750566897081 2412.252197265625 281
1750567156743 2217.056884765625 282
1750567416131 2279.844970703125 283
1750567666229 2121.811279296875 284
1750567916494 2042.7254638671875 285
1750568163374 2051.294677734375 286
1750568419893 2063.407470703125 287
1750568668858 2086.26220703125 288
1750568917138 2034.9676513671875 289
1750569517460 2045.3682861328125 290
1750569774871 2101.115966796875 291
1750570017665 1913.220947265625 292
1750570255484 1792.330322265625 293
1750570499592 1874.8895263671875 294
1750570743114 1972.099365234375 295
1750570978414 1922.8470458984375 296
1750571217660 1877.0670166015625 297
1750571446322 1750.9385986328125 298
1750571678782 1790.3348388671875 299
1750572286226 1870.8995361328125 300
1750572519633 1817.228759765625 301
1750572752237 1849.0010986328125 302
1750572991831 1930.0982666015625 303
1750573234036 1840.2120361328125 304
1750573474743 1942.5457763671875 305
1750573721816 2195.279052734375 306
1750573973234 2144.428466796875 307
1750574214107 1884.8248291015625 308
1750574457892 2021.5670166015625 309
1750575028311 2067.967529296875 310
1750575289526 1938.306884765625 311
1750575532092 1943.458740234375 312
1750575773233 1872.4329833984375 313
1750576005294 1776.9832763671875 314
1750576241584 1830.033447265625 315
1750576483151 1931.5546875 316
1750576723255 1897.2701416015625 317
1750576965245 1935.09375 318
1750577200702 1769.1829833984375 319
1750577743413 1838.9598388671875 320
1750577986432 2022.375 321
1750578221438 1788.7767333984375 322
1750578460447 1901.6707763671875 323
1750578717224 1827.3114013671875 324
1750578951944 1709.4229736328125 325
1750579187775 1876.6651611328125 326
1750579433673 1897.1573486328125 327
1750579672538 1849.0535888671875 328
1750579906586 1843.3114013671875 329
1750580437726 1695.536865234375 330
1750580672853 1719.6551513671875 331
1750580907008 1781.5345458984375 332
1750581143983 1809.3348388671875 333
1750581389719 1941.8482666015625 334
1750581655932 2007.2432861328125 335
1750581897205 1918.0067138671875 336
1750582151126 2241.17626953125 337
1750582400200 2126.767822265625 338
1750582654460 2157.38720703125 339
1750583287182 2106.90185546875 340
1750583545854 2248.37841796875 341
1750583820405 2654.6171875 342
1750584086648 2541.056884765625 343
1750584354456 2611.345947265625 344
1750584624306 2445.42529296875 345
1750584881629 2170.122802734375 346
1750585136212 2159.455322265625 347
1750585383584 2117.27001953125 348
1750585633146 2198.350341796875 349
1750586274948 1976.953125 350
1750586529890 2150.4921875 351
1750586789633 2304.474365234375 352
1750587046206 2245.561279296875 353
1750587294912 2151.349365234375 354
1750587560299 2447.5546875 355
1750587831560 2464.291259765625 356
1750588108048 2656.671875 357
1750588384769 2748.127197265625 358
1750588652810 2557.502197265625 359
1750589306668 2504.782470703125 360
1750589578132 2606.43408203125 361
1750589866094 3087.509033203125 362
1750590140044 2698.44091796875 363
1750590410062 2685.52783203125 364
1750590675051 2517.49560546875 365
