1750481586734 0.004464285913854837 1
1750481724146 0.0 2
1750481832814 0.005580357275903225 3
1750482016497 0.0022321429569274187 4
1750482201301 0.0033482143189758062 5
1750482380803 0.0022321429569274187 6
1750482564390 0.0022321429569274187 7
1750482745714 0.005580357275903225 8
1750482894864 0.004464285913854837 9
1750483320027 0.0078125 10
1750483507848 0.0011160714784637094 11
1750483697444 0.005580357275903225 12
1750483881875 0.0011160714784637094 13
1750484072225 0.0078125 14
1750484237673 0.0033482143189758062 15
1750484426285 0.005580357275903225 16
1750484617699 0.004464285913854837 17
1750484810366 0.01785714365541935 18
1750485006758 0.015625 19
1750485461323 0.0223214291036129 20
1750485658690 0.0301339291036129 21
1750485856395 0.01897321455180645 22
1750486055923 0.0524553582072258 23
1750486255075 0.0725446417927742 24
1750486464304 0.0747767835855484 25
1750486670834 0.0814732164144516 26
1750486877955 0.0691964253783226 27
1750487090325 0.0825892835855484 28
1750487299022 0.0803571417927742 29
1750487900539 0.0647321417927742 30
1750488112613 0.09375 31
1750488331135 0.1183035746216774 32
1750488552314 0.1004464253783226 33
1750488763423 0.1294642835855484 34
1750488983091 0.1696428507566452 35
1750489201265 0.1495535671710968 36
1750489424197 0.1540178507566452 37
1750489639204 0.1752232164144516 38
1750489851844 0.1785714328289032 39
1750490401099 0.1964285671710968 40
1750490616254 0.1964285671710968 41
1750491049354 0.1551339328289032 42
1750491260613 0.1930803507566452 43
1750491474715 0.1964285671710968 44
1750491688598 0.1707589328289032 45
1750491903750 0.1529017835855484 46
1750492121865 0.1540178507566452 47
1750492345436 0.1930803507566452 48
1750492561225 0.1763392835855484 49
1750493146016 0.1696428507566452 50
1750493361671 0.1875 51
1750493578289 0.2053571492433548 52
1750493797259 0.1607142835855484 53
1750494011398 0.1796875 54
1750494226708 0.2075892835855484 55
1750494443621 0.2321428507566452 56
1750494660401 0.1696428507566452 57
1750494883387 0.1863839328289032 58
1750495097515 0.2075892835855484 59
1750495625100 0.1584821492433548 60
1750495844165 0.1607142835855484 61
1750496077414 0.2042410671710968 62
1750496299699 0.1808035671710968 63
1750496513078 0.1997767835855484 64
1750496729600 0.1696428507566452 65
1750496948033 0.1607142835855484 66
1750497168813 0.1752232164144516 67
1750497387373 0.2053571492433548 68
1750497607822 0.2020089328289032 69
1750498117766 0.171875 70
1750498337646 0.1886160671710968 71
1750498561268 0.2008928507566452 72
1750498786743 0.1808035671710968 73
1750499003660 0.2299107164144516 74
1750499222479 0.15625 75
1750499451830 0.1908482164144516 76
1750499677281 0.1540178507566452 77
1750499896776 0.2321428507566452 78
1750500123128 0.1941964328289032 79
1750500701062 0.2008928507566452 80
1750500928911 0.1897321492433548 81
1750501153788 0.2008928507566452 82
1750501385461 0.1997767835855484 83
1750501616857 0.2053571492433548 84
1750501838041 0.2075892835855484 85
1750502063543 0.2209821492433548 86
1750502292394 0.2321428507566452 87
1750502520623 0.2488839328289032 88
1750502748231 0.2142857164144516 89
1750503369073 0.2042410671710968 90
1750503605433 0.2109375 91
1750503844836 0.2008928507566452 92
1750504077800 0.2243303507566452 93
1750504320174 0.2366071492433548 94
1750504556423 0.1729910671710968 95
1750504786139 0.2555803656578064 96
1750505024333 0.2008928507566452 97
1750505260664 0.2008928507566452 98
1750505494707 0.2232142835855484 99
1750506066426 0.21875 100
1750506297986 0.2377232164144516 101
1750506542699 0.1908482164144516 102
1750506781651 0.1941964328289032 103
1750507043667 0.2299107164144516 104
1750507287503 0.2299107164144516 105
1750507525749 0.2522321343421936 106
1750507772569 0.2712053656578064 107
1750508018680 0.2354910671710968 108
1750508265530 0.2399553507566452 109
1750508828561 0.2332589328289032 110
1750509077573 0.2142857164144516 111
1750509321631 0.2321428507566452 112
1750509573962 0.2332589328289032 113
1750509825399 0.2321428507566452 114
1750510084926 0.2064732164144516 115
1750510359439 0.2366071492433548 116
1750510634817 0.2734375 117
1750510912646 0.2745535671710968 118
1750511213840 0.2399553507566452 119
1750512203481 0.2611607015132904 120
1750512516319 0.1919642835855484 121
1750512830077 0.2232142835855484 122
1750513143484 0.2075892835855484 123
1750513442925 0.2176339328289032 124
1750513741978 0.2578125 125
1750514046624 0.2276785671710968 126
1750514364120 0.2566964328289032 127
1750514695407 0.1629464328289032 128
1750515080354 0.1629464328289032 129
1750516315499 0.1484375 130
1750516694296 0.1194196417927742 131
1750517095134 0.1462053507566452 132
1750517461997 0.1350446492433548 133
1750517848025 0.1473214328289032 134
1750518213838 0.1908482164144516 135
1750518565175 0.1886160671710968 136
1750518917750 0.15625 137
1750519279625 0.1383928507566452 138
1750519598684 0.1808035671710968 139
1750520648721 0.15625 140
1750520982281 0.2020089328289032 141
1750521336895 0.1529017835855484 142
1750521679480 0.1986607164144516 143
1750522038555 0.1774553507566452 144
1750522374845 0.1997767835855484 145
1750522705318 0.1696428507566452 146
1750523030847 0.2154017835855484 147
1750523374472 0.2087053507566452 148
1750523694320 0.1741071492433548 149
1750524719759 0.1685267835855484 150
1750525032970 0.2109375 151
1750525354946 0.1808035671710968 152
1750525677414 0.2020089328289032 153
1750525997372 0.1685267835855484 154
1750526323544 0.2109375 155
1750526653863 0.1964285671710968 156
1750526979770 0.1875 157
1750527311525 0.2198660671710968 158
1750527630532 0.2209821492433548 159
1750528511966 0.2075892835855484 160
1750528827885 0.1707589328289032 161
1750529146063 0.1908482164144516 162
1750529457979 0.2042410671710968 163
1750529771115 0.1908482164144516 164
1750530078631 0.1651785671710968 165
1750530382115 0.2109375 166
1750530691782 0.2154017835855484 167
1750530989560 0.1919642835855484 168
1750531278705 0.2020089328289032 169
1750532008171 0.2299107164144516 170
1750532288290 0.2243303507566452 171
1750532565634 0.2243303507566452 172
1750532861050 0.1863839328289032 173
1750533154806 0.1908482164144516 174
1750533441192 0.2120535671710968 175
1750533726194 0.2399553507566452 176
1750533997909 0.2477678507566452 177
1750534268259 0.2354910671710968 178
1750534552013 0.1696428507566452 179
1750535251430 0.2321428507566452 180
1750535531196 0.2098214328289032 181
1750535811969 0.1975446492433548 182
1750536091438 0.2310267835855484 183
1750536367799 0.2209821492433548 184
1750536672831 0.1830357164144516 185
1750536955205 0.2220982164144516 186
1750537247089 0.1919642835855484 187
1750537548642 0.2243303507566452 188
1750537862422 0.2209821492433548 189
1750538654810 0.2299107164144516 190
1750538954617 0.2321428507566452 191
1750539258386 0.2433035671710968 192
1750539547146 0.2243303507566452 193
1750539842737 0.2533482015132904 194
1750540128683 0.2142857164144516 195
1750540405826 0.2098214328289032 196
1750540692466 0.2232142835855484 197
1750540973180 0.2075892835855484 198
1750541270685 0.2075892835855484 199
1750541989864 0.1975446492433548 200
1750542267873 0.2053571492433548 201
1750542548953 0.2265625 202
1750542832769 0.1841517835855484 203
1750543104263 0.2578125 204
1750543385257 0.2276785671710968 205
1750543651429 0.2511160671710968 206
1750543937350 0.2109375 207
1750544206476 0.234375 208
1750544483514 0.2622767984867096 209
1750545129814 0.2087053507566452 210
1750545408626 0.1964285671710968 211
1750545682279 0.2488839328289032 212
1750545954874 0.2020089328289032 213
1750546230031 0.2645089328289032 214
1750546508009 0.2232142835855484 215
1750546777855 0.2176339328289032 216
1750547058762 0.2354910671710968 217
1750547317700 0.2299107164144516 218
1750547595676 0.2321428507566452 219
1750548245774 0.2332589328289032 220
1750548514137 0.2421875 221
1750548767764 0.3091517984867096 222
1750549030480 0.2566964328289032 223
1750549284716 0.2779017984867096 224
1750549536555 0.2578125 225
1750549789196 0.2622767984867096 226
1750550054297 0.2410714328289032 227
1750550305629 0.2645089328289032 228
1750550574349 0.2645089328289032 229
1750551257471 0.2377232164144516 230
1750551524919 0.2734375 231
1750551790166 0.2366071492433548 232
1750552059496 0.2042410671710968 233
1750552333649 0.1830357164144516 234
1750552590382 0.2366071492433548 235
1750552847177 0.1886160671710968 236
1750553114323 0.2154017835855484 237
1750553372220 0.2176339328289032 238
1750553641163 0.2109375 239
1750554272843 0.2366071492433548 240
1750554532658 0.2455357164144516 241
1750554807212 0.2477678507566452 242
1750555070866 0.2008928507566452 243
1750555348177 0.2165178507566452 244
1750555619029 0.2053571492433548 245
1750555912096 0.2466517835855484 246
1750556201548 0.2087053507566452 247
1750556465995 0.2332589328289032 248
1750556780891 0.1852678507566452 249
1750557434440 0.2410714328289032 250
1750557703331 0.2299107164144516 251
1750557977141 0.2667410671710968 252
1750558270312 0.1930803507566452 253
1750558538189 0.2578125 254
1750558818213 0.2209821492433548 255
1750559082238 0.2310267835855484 256
1750559346839 0.2209821492433548 257
1750559607780 0.2142857164144516 258
1750559884350 0.2287946492433548 259
1750560510267 0.21875 260
1750560772825 0.2220982164144516 261
1750561042523 0.1729910671710968 262
1750561299174 0.2332589328289032 263
1750561558060 0.3270089328289032 264
1750561813783 0.2589285671710968 265
1750562080828 0.2421875 266
1750562357766 0.2366071492433548 267
1750562618644 0.3080357015132904 268
1750562877322 0.2544642984867096 269
1750563572426 0.2198660671710968 270
1750563846289 0.2299107164144516 271
1750564111453 0.2466517835855484 272
1750564385175 0.203125 273
1750564653742 0.2533482015132904 274
1750564938901 0.2254464328289032 275
1750565205499 0.2477678507566452 276
1750565465980 0.2299107164144516 277
1750565726126 0.28125 278
1750565984939 0.1975446492433548 279
1750566634927 0.2120535671710968 280
1750566897081 0.2388392835855484 281
1750567156743 0.2265625 282
1750567416131 0.2388392835855484 283
1750567666229 0.2477678507566452 284
1750567916494 0.2589285671710968 285
1750568163374 0.2064732164144516 286
1750568419893 0.2254464328289032 287
1750568668858 0.2321428507566452 288
1750568917138 0.2410714328289032 289
1750569517460 0.2511160671710968 290
1750569774871 0.1897321492433548 291
1750570017665 0.2366071492433548 292
1750570255484 0.3169642984867096 293
1750570499592 0.2332589328289032 294
1750570743114 0.2075892835855484 295
1750570978414 0.2299107164144516 296
1750571217660 0.2879464328289032 297
1750571446322 0.2868303656578064 298
1750571678782 0.296875 299
1750572286226 0.2410714328289032 300
1750572519633 0.2433035671710968 301
1750572752237 0.2433035671710968 302
1750572991831 0.2533482015132904 303
1750573234036 0.2723214328289032 304
1750573474743 0.2767857015132904 305
1750573721816 0.2198660671710968 306
1750573973234 0.2388392835855484 307
1750574214107 0.2689732015132904 308
1750574457892 0.2354910671710968 309
1750575028311 0.2254464328289032 310
1750575289526 0.2522321343421936 311
1750575532092 0.1964285671710968 312
1750575773233 0.2354910671710968 313
1750576005294 0.2087053507566452 314
1750576241584 0.25 315
1750576483151 0.2388392835855484 316
1750576723255 0.2522321343421936 317
1750576965245 0.1997767835855484 318
1750577200702 0.2555803656578064 319
1750577743413 0.2845982015132904 320
1750577986432 0.2287946492433548 321
1750578221438 0.2220982164144516 322
1750578460447 0.2578125 323
1750578717224 0.1852678507566452 324
1750578951944 0.2712053656578064 325
1750579187775 0.2544642984867096 326
1750579433673 0.2209821492433548 327
1750579672538 0.1975446492433548 328
1750579906586 0.2176339328289032 329
1750580437726 0.2522321343421936 330
1750580672853 0.2957589328289032 331
1750580907008 0.2901785671710968 332
1750581143983 0.2433035671710968 333
1750581389719 0.2433035671710968 334
1750581655932 0.2946428656578064 335
1750581897205 0.2935267984867096 336
1750582151126 0.2689732015132904 337
1750582400200 0.2399553507566452 338
1750582654460 0.2845982015132904 339
1750583287182 0.3191964328289032 340
1750583545854 0.2723214328289032 341
1750583820405 0.2689732015132904 342
1750584086648 0.2555803656578064 343
1750584354456 0.2477678507566452 344
1750584624306 0.2321428507566452 345
1750584881629 0.2991071343421936 346
1750585136212 0.2700892984867096 347
1750585383584 0.2332589328289032 348
1750585633146 0.3113839328289032 349
1750586274948 0.2946428656578064 350
1750586529890 0.2622767984867096 351
1750586789633 0.2611607015132904 352
1750587046206 0.2544642984867096 353
1750587294912 0.2756696343421936 354
1750587560299 0.2511160671710968 355
1750587831560 0.2845982015132904 356
1750588108048 0.2287946492433548 357
1750588384769 0.2388392835855484 358
1750588652810 0.2890625 359
1750589306668 0.2611607015132904 360
1750589578132 0.2712053656578064 361
1750589866094 0.2276785671710968 362
1750590140044 0.2299107164144516 363
1750590410062 0.3158482015132904 364
1750590675051 0.2745535671710968 365
