1750481586734 0.0 1
1750481724146 0.0068359375 2
1750481832814 0.0048828125 3
1750482016497 0.0029296875 4
1750482201301 0.001953125 5
1750482380803 0.0029296875 6
1750482564390 0.001953125 7
1750482745714 0.0029296875 8
1750482894864 0.001953125 9
1750483320027 0.005859375 10
1750483507848 0.0048828125 11
1750483697444 0.0048828125 12
1750483881875 0.001953125 13
1750484072225 0.0048828125 14
1750484237673 0.005859375 15
1750484426285 0.0029296875 16
1750484617699 0.00390625 17
1750484810366 0.0078125 18
1750485006758 0.0087890625 19
1750485461323 0.0068359375 20
1750485658690 0.0029296875 21
1750485856395 0.00390625 22
1750486055923 0.005859375 23
1750486255075 0.0087890625 24
1750486464304 0.009765625 25
1750486670834 0.01171875 26
1750486877955 0.01171875 27
1750487090325 0.0107421875 28
1750487299022 0.009765625 29
1750487900539 0.0185546875 30
1750488112613 0.0107421875 31
1750488331135 0.017578125 32
1750488552314 0.021484375 33
1750488763423 0.015625 34
1750488983091 0.013671875 35
1750489201265 0.0146484375 36
1750489424197 0.017578125 37
1750489639204 0.01953125 38
1750489851844 0.009765625 39
1750490401099 0.01171875 40
1750490616254 0.0126953125 41
1750491049354 0.0146484375 42
1750491260613 0.0078125 43
1750491474715 0.0087890625 44
1750491688598 0.0146484375 45
1750491903750 0.01171875 46
1750492121865 0.013671875 47
1750492345436 0.0087890625 48
1750492561225 0.0126953125 49
1750493146016 0.0126953125 50
1750493361671 0.005859375 51
1750493578289 0.00390625 52
1750493797259 0.0126953125 53
1750494011398 0.01171875 54
1750494226708 0.005859375 55
1750494443621 0.0107421875 56
1750494660401 0.005859375 57
1750494883387 0.009765625 58
1750495097515 0.0087890625 59
1750495625100 0.0146484375 60
1750495844165 0.01171875 61
1750496077414 0.0078125 62
1750496299699 0.0185546875 63
1750496513078 0.005859375 64
1750496729600 0.009765625 65
1750496948033 0.01171875 66
1750497168813 0.0107421875 67
1750497387373 0.0146484375 68
1750497607822 0.0146484375 69
1750498117766 0.017578125 70
1750498337646 0.017578125 71
1750498561268 0.015625 72
1750498786743 0.0146484375 73
1750499003660 0.009765625 74
1750499222479 0.0126953125 75
1750499451830 0.015625 76
1750499677281 0.017578125 77
1750499896776 0.0126953125 78
1750500123128 0.029296875 79
1750500701062 0.01171875 80
1750500928911 0.025390625 81
1750501153788 0.01953125 82
1750501385461 0.02734375 83
1750501616857 0.02734375 84
1750501838041 0.0224609375 85
1750502063543 0.021484375 86
1750502292394 0.0283203125 87
1750502520623 0.0244140625 88
1750502748231 0.0244140625 89
1750503369073 0.0283203125 90
1750503605433 0.03125 91
1750503844836 0.041015625 92
1750504077800 0.0380859375 93
1750504320174 0.0478515625 94
1750504556423 0.0283203125 95
1750504786139 0.0244140625 96
1750505024333 0.0244140625 97
1750505260664 0.01953125 98
1750505494707 0.021484375 99
1750506066426 0.0302734375 100
1750506297986 0.0302734375 101
1750506542699 0.025390625 102
1750506781651 0.029296875 103
1750507043667 0.02734375 104
1750507287503 0.0263671875 105
1750507525749 0.0322265625 106
1750507772569 0.033203125 107
1750508018680 0.0419921875 108
1750508265530 0.04296875 109
1750508828561 0.0361328125 110
1750509077573 0.052734375 111
1750509321631 0.0322265625 112
1750509573962 0.033203125 113
1750509825399 0.0498046875 114
1750510084926 0.0634765625 115
1750510359439 0.044921875 116
1750510634817 0.0625 117
1750510912646 0.0810546875 118
1750511213840 0.1005859375 119
1750512203481 0.126953125 120
1750512516319 0.1513671875 121
1750512830077 0.1162109375 122
1750513143484 0.1142578125 123
1750513442925 0.0927734375 124
1750513741978 0.0576171875 125
1750514046624 0.07421875 126
1750514364120 0.078125 127
1750514695407 0.1201171875 128
1750515080354 0.1953125 129
1750516315499 0.1865234375 130
1750516694296 0.193359375 131
1750517095134 0.21484375 132
1750517461997 0.19921875 133
1750517848025 0.1953125 134
1750518213838 0.189453125 135
1750518565175 0.1591796875 136
1750518917750 0.154296875 137
1750519279625 0.13671875 138
1750519598684 0.1162109375 139
1750520648721 0.1259765625 140
1750520982281 0.14453125 141
1750521336895 0.189453125 142
1750521679480 0.171875 143
1750522038555 0.1904296875 144
1750522374845 0.1640625 145
1750522705318 0.1630859375 146
1750523030847 0.146484375 147
1750523374472 0.171875 148
1750523694320 0.134765625 149
1750524719759 0.1591796875 150
1750525032970 0.134765625 151
1750525354946 0.1572265625 152
1750525677414 0.1416015625 153
1750525997372 0.154296875 154
1750526323544 0.171875 155
1750526653863 0.162109375 156
1750526979770 0.1572265625 157
1750527311525 0.150390625 158
1750527630532 0.134765625 159
1750528511966 0.1318359375 160
1750528827885 0.125 161
1750529146063 0.125 162
1750529457979 0.1240234375 163
1750529771115 0.09765625 164
1750530078631 0.10546875 165
1750530382115 0.123046875 166
1750530691782 0.134765625 167
1750530989560 0.1044921875 168
1750531278705 0.0986328125 169
1750532008171 0.0869140625 170
1750532288290 0.0732421875 171
1750532565634 0.0771484375 172
1750532861050 0.09765625 173
1750533154806 0.087890625 174
1750533441192 0.0703125 175
1750533726194 0.060546875 176
1750533997909 0.0380859375 177
1750534268259 0.048828125 178
1750534552013 0.068359375 179
1750535251430 0.037109375 180
1750535531196 0.0478515625 181
1750535811969 0.0546875 182
1750536091438 0.0361328125 183
1750536367799 0.0478515625 184
1750536672831 0.0537109375 185
1750536955205 0.048828125 186
1750537247089 0.0576171875 187
1750537548642 0.0791015625 188
1750537862422 0.095703125 189
1750538654810 0.0849609375 190
1750538954617 0.072265625 191
1750539258386 0.07421875 192
1750539547146 0.0517578125 193
1750539842737 0.048828125 194
1750540128683 0.0517578125 195
1750540405826 0.0419921875 196
1750540692466 0.0400390625 197
1750540973180 0.0341796875 198
1750541270685 0.033203125 199
1750541989864 0.0126953125 200
1750542267873 0.025390625 201
1750542548953 0.0283203125 202
1750542832769 0.0234375 203
1750543104263 0.021484375 204
1750543385257 0.0166015625 205
1750543651429 0.0146484375 206
1750543937350 0.0224609375 207
1750544206476 0.017578125 208
1750544483514 0.02734375 209
1750545129814 0.0322265625 210
1750545408626 0.02734375 211
1750545682279 0.0283203125 212
1750545954874 0.0244140625 213
1750546230031 0.0205078125 214
1750546508009 0.0166015625 215
1750546777855 0.0244140625 216
1750547058762 0.0283203125 217
1750547317700 0.0166015625 218
1750547595676 0.037109375 219
1750548245774 0.0146484375 220
1750548514137 0.0244140625 221
1750548767764 0.017578125 222
1750549030480 0.02734375 223
1750549284716 0.03125 224
1750549536555 0.013671875 225
1750549789196 0.0224609375 226
1750550054297 0.0263671875 227
1750550305629 0.01953125 228
1750550574349 0.0341796875 229
1750551257471 0.0283203125 230
1750551524919 0.0380859375 231
1750551790166 0.0322265625 232
1750552059496 0.0419921875 233
1750552333649 0.0361328125 234
1750552590382 0.0185546875 235
1750552847177 0.0224609375 236
1750553114323 0.0341796875 237
1750553372220 0.0263671875 238
1750553641163 0.0263671875 239
1750554272843 0.0224609375 240
1750554532658 0.0224609375 241
1750554807212 0.0302734375 242
1750555070866 0.0302734375 243
1750555348177 0.0390625 244
1750555619029 0.0390625 245
1750555912096 0.0537109375 246
1750556201548 0.046875 247
1750556465995 0.03515625 248
1750556780891 0.0517578125 249
1750557434440 0.04296875 250
1750557703331 0.0302734375 251
1750557977141 0.048828125 252
1750558270312 0.0546875 253
1750558538189 0.0361328125 254
1750558818213 0.05078125 255
1750559082238 0.037109375 256
1750559346839 0.04296875 257
1750559607780 0.0390625 258
1750559884350 0.04296875 259
1750560510267 0.029296875 260
1750560772825 0.0322265625 261
1750561042523 0.0439453125 262
1750561299174 0.048828125 263
1750561558060 0.044921875 264
1750561813783 0.0546875 265
1750562080828 0.05859375 266
1750562357766 0.0546875 267
1750562618644 0.048828125 268
1750562877322 0.04296875 269
1750563572426 0.0849609375 270
1750563846289 0.064453125 271
1750564111453 0.04296875 272
1750564385175 0.0546875 273
1750564653742 0.0380859375 274
1750564938901 0.04296875 275
1750565205499 0.0537109375 276
1750565465980 0.037109375 277
1750565726126 0.02734375 278
1750565984939 0.041015625 279
1750566634927 0.0341796875 280
1750566897081 0.0419921875 281
1750567156743 0.04296875 282
1750567416131 0.0390625 283
1750567666229 0.0341796875 284
1750567916494 0.0322265625 285
1750568163374 0.0263671875 286
1750568419893 0.033203125 287
1750568668858 0.03125 288
1750568917138 0.0234375 289
1750569517460 0.03125 290
1750569774871 0.0302734375 291
1750570017665 0.01953125 292
1750570255484 0.017578125 293
1750570499592 0.0126953125 294
1750570743114 0.0166015625 295
1750570978414 0.0107421875 296
1750571217660 0.0107421875 297
1750571446322 0.0078125 298
1750571678782 0.0068359375 299
1750572286226 0.0146484375 300
1750572519633 0.01171875 301
1750572752237 0.015625 302
1750572991831 0.01171875 303
1750573234036 0.0048828125 304
1750573474743 0.0126953125 305
1750573721816 0.01953125 306
1750573973234 0.0205078125 307
1750574214107 0.005859375 308
1750574457892 0.009765625 309
1750575028311 0.013671875 310
1750575289526 0.0107421875 311
1750575532092 0.01171875 312
1750575773233 0.013671875 313
1750576005294 0.0078125 314
1750576241584 0.0078125 315
1750576483151 0.0166015625 316
1750576723255 0.01171875 317
1750576965245 0.0107421875 318
1750577200702 0.0078125 319
1750577743413 0.0126953125 320
1750577986432 0.0166015625 321
1750578221438 0.0087890625 322
1750578460447 0.0107421875 323
1750578717224 0.0107421875 324
1750578951944 0.0087890625 325
1750579187775 0.009765625 326
1750579433673 0.01171875 327
1750579672538 0.0146484375 328
1750579906586 0.005859375 329
1750580437726 0.0068359375 330
1750580672853 0.005859375 331
1750580907008 0.0068359375 332
1750581143983 0.009765625 333
1750581389719 0.009765625 334
1750581655932 0.0205078125 335
1750581897205 0.015625 336
1750582151126 0.0322265625 337
1750582400200 0.0263671875 338
1750582654460 0.03125 339
1750583287182 0.0283203125 340
1750583545854 0.0322265625 341
1750583820405 0.0615234375 342
1750584086648 0.0576171875 343
1750584354456 0.0673828125 344
1750584624306 0.0625 345
1750584881629 0.0361328125 346
1750585136212 0.04296875 347
1750585383584 0.025390625 348
1750585633146 0.04296875 349
1750586274948 0.0283203125 350
1750586529890 0.044921875 351
1750586789633 0.048828125 352
1750587046206 0.041015625 353
1750587294912 0.0537109375 354
1750587560299 0.0576171875 355
1750587831560 0.0751953125 356
1750588108048 0.0693359375 357
1750588384769 0.0751953125 358
1750588652810 0.0458984375 359
1750589306668 0.0615234375 360
1750589578132 0.0595703125 361
1750589866094 0.099609375 362
1750590140044 0.0712890625 363
1750590410062 0.083984375 364
1750590675051 0.0751953125 365
