1750481586734 7844.0 1
1750481724146 8192.0 2
1750481832814 8192.0 3
1750482016497 8192.0 4
1750482201301 8192.0 5
1750482380803 8192.0 6
1750482564390 8192.0 7
1750482745714 8192.0 8
1750482894864 8192.0 9
1750483320027 8192.0 10
1750483507848 8192.0 11
1750483697444 8192.0 12
1750483881875 8192.0 13
1750484072225 8192.0 14
1750484237673 8192.0 15
1750484426285 8192.0 16
1750484617699 8192.0 17
1750484810366 8192.0 18
1750485006758 8192.0 19
1750485461323 8192.0 20
1750485658690 8192.0 21
1750485856395 8192.0 22
1750486055923 8192.0 23
1750486255075 8192.0 24
1750486464304 8192.0 25
1750486670834 8192.0 26
1750486877955 8192.0 27
1750487090325 8192.0 28
1750487299022 8192.0 29
1750487900539 8192.0 30
1750488112613 8192.0 31
1750488331135 8192.0 32
1750488552314 8192.0 33
1750488763423 8192.0 34
1750488983091 8192.0 35
1750489201265 8192.0 36
1750489424197 8192.0 37
1750489639204 8192.0 38
1750489851844 8192.0 39
1750490401099 8192.0 40
1750490616254 8192.0 41
1750491049354 8192.0 42
1750491260613 8192.0 43
1750491474715 8192.0 44
1750491688598 8192.0 45
1750491903750 8192.0 46
1750492121865 8192.0 47
1750492345436 8192.0 48
1750492561225 8192.0 49
1750493146016 8192.0 50
1750493361671 8192.0 51
1750493578289 8192.0 52
1750493797259 8192.0 53
1750494011398 8192.0 54
1750494226708 8192.0 55
1750494443621 8192.0 56
1750494660401 8192.0 57
1750494883387 8192.0 58
1750495097515 8192.0 59
1750495625100 8192.0 60
1750495844165 8192.0 61
1750496077414 8192.0 62
1750496299699 8192.0 63
1750496513078 8192.0 64
1750496729600 8192.0 65
1750496948033 8192.0 66
1750497168813 8192.0 67
1750497387373 8192.0 68
1750497607822 8192.0 69
1750498117766 8192.0 70
1750498337646 8192.0 71
1750498561268 8192.0 72
1750498786743 8192.0 73
1750499003660 8192.0 74
1750499222479 8192.0 75
1750499451830 8192.0 76
1750499677281 8192.0 77
1750499896776 8192.0 78
1750500123128 8192.0 79
1750500701062 8192.0 80
1750500928911 8192.0 81
1750501153788 8192.0 82
1750501385461 8192.0 83
1750501616857 8192.0 84
1750501838041 8192.0 85
1750502063543 8192.0 86
1750502292394 8192.0 87
1750502520623 8192.0 88
1750502748231 8192.0 89
1750503369073 8192.0 90
1750503605433 8192.0 91
1750503844836 8192.0 92
1750504077800 8192.0 93
1750504320174 8192.0 94
1750504556423 8192.0 95
1750504786139 8192.0 96
1750505024333 8192.0 97
1750505260664 8192.0 98
1750505494707 8192.0 99
1750506066426 8192.0 100
1750506297986 8192.0 101
1750506542699 8192.0 102
1750506781651 8192.0 103
1750507043667 8192.0 104
1750507287503 8192.0 105
1750507525749 8192.0 106
1750507772569 8192.0 107
1750508018680 8192.0 108
1750508265530 8192.0 109
1750508828561 8192.0 110
1750509077573 8192.0 111
1750509321631 8192.0 112
1750509573962 8192.0 113
1750509825399 8192.0 114
1750510084926 8192.0 115
1750510359439 8192.0 116
1750510634817 8192.0 117
1750510912646 8192.0 118
1750511213840 8192.0 119
1750512203481 8192.0 120
1750512516319 8192.0 121
1750512830077 8192.0 122
1750513143484 8192.0 123
1750513442925 8192.0 124
1750513741978 8192.0 125
1750514046624 8192.0 126
1750514364120 8192.0 127
1750514695407 8192.0 128
1750515080354 8192.0 129
1750516315499 8192.0 130
1750516694296 8192.0 131
1750517095134 8192.0 132
1750517461997 8192.0 133
1750517848025 8192.0 134
1750518213838 8192.0 135
1750518565175 8192.0 136
1750518917750 8192.0 137
1750519279625 8192.0 138
1750519598684 8192.0 139
1750520648721 8192.0 140
1750520982281 8192.0 141
1750521336895 8192.0 142
1750521679480 8192.0 143
1750522038555 8192.0 144
1750522374845 8192.0 145
1750522705318 8192.0 146
1750523030847 8192.0 147
1750523374472 8192.0 148
1750523694320 8192.0 149
1750524719759 8192.0 150
1750525032970 8192.0 151
1750525354946 8192.0 152
1750525677414 8192.0 153
1750525997372 8192.0 154
1750526323544 8192.0 155
1750526653863 8192.0 156
1750526979770 8192.0 157
1750527311525 8192.0 158
1750527630532 8192.0 159
1750528511966 8192.0 160
1750528827885 8192.0 161
1750529146063 8192.0 162
1750529457979 8192.0 163
1750529771115 8192.0 164
1750530078631 8192.0 165
1750530382115 8192.0 166
1750530691782 8192.0 167
1750530989560 8192.0 168
1750531278705 8192.0 169
1750532008171 8192.0 170
1750532288290 8192.0 171
1750532565634 8192.0 172
1750532861050 8192.0 173
1750533154806 8192.0 174
1750533441192 8192.0 175
1750533726194 8192.0 176
1750533997909 8192.0 177
1750534268259 8192.0 178
1750534552013 8192.0 179
1750535251430 8192.0 180
1750535531196 8192.0 181
1750535811969 8192.0 182
1750536091438 8192.0 183
1750536367799 8192.0 184
1750536672831 8192.0 185
1750536955205 8192.0 186
1750537247089 8192.0 187
1750537548642 8192.0 188
1750537862422 8192.0 189
1750538654810 8192.0 190
1750538954617 8192.0 191
1750539258386 8192.0 192
1750539547146 8192.0 193
1750539842737 8192.0 194
1750540128683 8192.0 195
1750540405826 8192.0 196
1750540692466 8192.0 197
1750540973180 8192.0 198
1750541270685 8192.0 199
1750541989864 8192.0 200
1750542267873 8192.0 201
1750542548953 8192.0 202
1750542832769 8192.0 203
1750543104263 8192.0 204
1750543385257 8192.0 205
1750543651429 8192.0 206
1750543937350 8192.0 207
1750544206476 8192.0 208
1750544483514 8192.0 209
1750545129814 8192.0 210
1750545408626 8192.0 211
1750545682279 8192.0 212
1750545954874 8192.0 213
1750546230031 8192.0 214
1750546508009 8192.0 215
1750546777855 8192.0 216
1750547058762 8192.0 217
1750547317700 8192.0 218
1750547595676 8192.0 219
1750548245774 8192.0 220
1750548514137 8192.0 221
1750548767764 8192.0 222
1750549030480 8192.0 223
1750549284716 8192.0 224
1750549536555 8192.0 225
1750549789196 8192.0 226
1750550054297 8192.0 227
1750550305629 8192.0 228
1750550574349 8192.0 229
1750551257471 8192.0 230
1750551524919 8192.0 231
1750551790166 8192.0 232
1750552059496 8192.0 233
1750552333649 8192.0 234
1750552590382 8192.0 235
1750552847177 8192.0 236
1750553114323 8192.0 237
1750553372220 8192.0 238
1750553641163 8192.0 239
1750554272843 8192.0 240
1750554532658 8192.0 241
1750554807212 8192.0 242
1750555070866 8192.0 243
1750555348177 8192.0 244
1750555619029 8192.0 245
1750555912096 8192.0 246
1750556201548 8192.0 247
1750556465995 8192.0 248
1750556780891 8192.0 249
1750557434440 8192.0 250
1750557703331 8192.0 251
1750557977141 8192.0 252
1750558270312 8192.0 253
1750558538189 8192.0 254
1750558818213 8192.0 255
1750559082238 8192.0 256
1750559346839 8192.0 257
1750559607780 8192.0 258
1750559884350 8192.0 259
1750560510267 8192.0 260
1750560772825 8192.0 261
1750561042523 8192.0 262
1750561299174 8192.0 263
1750561558060 8192.0 264
1750561813783 8192.0 265
1750562080828 8192.0 266
1750562357766 8192.0 267
1750562618644 8192.0 268
1750562877322 8192.0 269
1750563572426 8192.0 270
1750563846289 8192.0 271
1750564111453 8192.0 272
1750564385175 8192.0 273
1750564653742 8192.0 274
1750564938901 8192.0 275
1750565205499 8192.0 276
1750565465980 8192.0 277
1750565726126 8192.0 278
1750565984939 8192.0 279
1750566634927 8192.0 280
1750566897081 8192.0 281
1750567156743 8192.0 282
1750567416131 8192.0 283
1750567666229 8192.0 284
1750567916494 8192.0 285
1750568163374 8192.0 286
1750568419893 8192.0 287
1750568668858 8192.0 288
1750568917138 8192.0 289
1750569517460 8192.0 290
1750569774871 8192.0 291
1750570017665 8192.0 292
1750570255484 8192.0 293
1750570499592 8192.0 294
1750570743114 8192.0 295
1750570978414 8192.0 296
1750571217660 8192.0 297
1750571446322 8192.0 298
1750571678782 8192.0 299
1750572286226 8192.0 300
1750572519633 8192.0 301
1750572752237 8192.0 302
1750572991831 8192.0 303
1750573234036 8192.0 304
1750573474743 8192.0 305
1750573721816 8192.0 306
1750573973234 8192.0 307
1750574214107 8192.0 308
1750574457892 8192.0 309
1750575028311 8192.0 310
1750575289526 8192.0 311
1750575532092 8192.0 312
1750575773233 8192.0 313
1750576005294 8192.0 314
1750576241584 8192.0 315
1750576483151 8192.0 316
1750576723255 8192.0 317
1750576965245 8192.0 318
1750577200702 8192.0 319
1750577743413 8192.0 320
1750577986432 8192.0 321
1750578221438 8192.0 322
1750578460447 8192.0 323
1750578717224 8192.0 324
1750578951944 8192.0 325
1750579187775 8192.0 326
1750579433673 8192.0 327
1750579672538 8192.0 328
1750579906586 8192.0 329
1750580437726 8192.0 330
1750580672853 8192.0 331
1750580907008 8192.0 332
1750581143983 8192.0 333
1750581389719 8192.0 334
1750581655932 8192.0 335
1750581897205 8192.0 336
1750582151126 8192.0 337
1750582400200 8192.0 338
1750582654460 8192.0 339
1750583287182 8192.0 340
1750583545854 8192.0 341
1750583820405 8192.0 342
1750584086648 8192.0 343
1750584354456 8192.0 344
1750584624306 8192.0 345
1750584881629 8192.0 346
1750585136212 8192.0 347
1750585383584 8192.0 348
1750585633146 8192.0 349
1750586274948 8192.0 350
1750586529890 8192.0 351
1750586789633 8192.0 352
1750587046206 8192.0 353
1750587294912 8192.0 354
1750587560299 8192.0 355
1750587831560 8192.0 356
1750588108048 8192.0 357
1750588384769 8192.0 358
1750588652810 8192.0 359
1750589306668 8192.0 360
1750589578132 8192.0 361
1750589866094 8192.0 362
1750590140044 8192.0 363
1750590410062 8192.0 364
1750590675051 8192.0 365
