1750481586734 1145.70703125 1
1750481724146 1141.8603515625 2
1750481832814 1138.24609375 3
1750482016497 1154.4248046875 4
1750482201301 1133.482421875 5
1750482380803 1154.3779296875 6
1750482564390 1141.0263671875 7
1750482745714 1125.37890625 8
1750482894864 1171.8623046875 9
1750483320027 1157.580078125 10
1750483507848 1224.4580078125 11
1750483697444 1197.546875 12
1750483881875 1200.60546875 13
1750484072225 1237.10546875 14
1750484237673 1194.9296875 15
1750484426285 1283.0048828125 16
1750484617699 1219.072265625 17
1750484810366 1274.0068359375 18
1750485006758 1275.65625 19
1750485461323 1261.7294921875 20
1750485658690 1303.8251953125 21
1750485856395 1299.7685546875 22
1750486055923 1330.7412109375 23
1750486255075 1347.3818359375 24
1750486464304 1412.96875 25
1750486670834 1434.208984375 26
1750486877955 1507.3369140625 27
1750487090325 1581.958984375 28
1750487299022 1532.935546875 29
1750487900539 1602.283203125 30
1750488112613 1572.0888671875 31
1750488331135 1592.974609375 32
1750488552314 1672.568359375 33
1750488763423 1591.58984375 34
1750488983091 1611.1640625 35
1750489201265 1603.68359375 36
1750489424197 1635.615234375 37
1750489639204 1582.11328125 38
1750489851844 1577.2392578125 39
1750490401099 1463.5595703125 40
1750490616254 1548.6142578125 41
1750491049354 1624.6904296875 42
1750491260613 1519.7861328125 43
1750491474715 1565.85546875 44
1750491688598 1567.7841796875 45
1750491903750 1595.6005859375 46
1750492121865 1640.2705078125 47
1750492345436 1556.6611328125 48
1750492561225 1602.1171875 49
1750493146016 1690.4384765625 50
1750493361671 1608.279296875 51
1750493578289 1565.3564453125 52
1750493797259 1687.509765625 53
1750494011398 1614.72265625 54
1750494226708 1605.7724609375 55
1750494443621 1606.91015625 56
1750494660401 1685.2626953125 57
1750494883387 1710.3896484375 58
1750495097515 1622.1875 59
1750495625100 1730.15625 60
1750495844165 1692.7001953125 61
1750496077414 1565.1416015625 62
1750496299699 1679.61328125 63
1750496513078 1541.21875 64
1750496729600 1655.4921875 65
1750496948033 1707.5009765625 66
1750497168813 1694.3046875 67
1750497387373 1686.3232421875 68
1750497607822 1682.5185546875 69
1750498117766 1716.8017578125 70
1750498337646 1753.552734375 71
1750498561268 1805.2119140625 72
1750498786743 1682.830078125 73
1750499003660 1592.1494140625 74
1750499222479 1703.703125 75
1750499451830 1831.2802734375 76
1750499677281 1781.1025390625 77
1750499896776 1689.271484375 78
1750500123128 1788.658203125 79
1750500701062 1725.98046875 80
1750500928911 1828.4375 81
1750501153788 1821.1279296875 82
1750501385461 1891.5869140625 83
1750501616857 1864.8984375 84
1750501838041 1866.9755859375 85
1750502063543 1845.0859375 86
1750502292394 1865.5390625 87
1750502520623 1957.6689453125 88
1750502748231 1897.767578125 89
1750503369073 2124.779296875 90
1750503605433 2074.2470703125 91
1750503844836 2027.111328125 92
1750504077800 1996.4248046875 93
1750504320174 2181.8662109375 94
1750504556423 2060.5693359375 95
1750504786139 1929.8193359375 96
1750505024333 1945.45703125 97
1750505260664 1960.986328125 98
1750505494707 1963.4345703125 99
1750506066426 2073.4560546875 100
1750506297986 2052.4296875 101
1750506542699 2140.2265625 102
1750506781651 2066.060546875 103
1750507043667 1990.06640625 104
1750507287503 2108.2197265625 105
1750507525749 2080.076171875 106
1750507772569 2116.486328125 107
1750508018680 2253.8642578125 108
1750508265530 2245.4765625 109
1750508828561 2091.724609375 110
1750509077573 2426.9892578125 111
1750509321631 2271.9453125 112
1750509573962 2442.1767578125 113
1750509825399 2471.3515625 114
1750510084926 2653.2412109375 115
1750510359439 2708.5419921875 116
1750510634817 2935.138671875 117
1750510912646 3013.953125 118
1750511213840 3457.4619140625 119
1750512203481 3644.578125 120
1750512516319 3780.2802734375 121
1750512830077 3620.1884765625 122
1750513143484 3535.1767578125 123
1750513442925 3369.5146484375 124
1750513741978 3336.1240234375 125
1750514046624 3427.28125 126
1750514364120 3624.2021484375 127
1750514695407 4120.3291015625 128
1750515080354 4593.306640625 129
1750516315499 4577.90234375 130
1750516694296 4632.4912109375 131
1750517095134 4679.0302734375 132
1750517461997 4547.623046875 133
1750517848025 4470.154296875 134
1750518213838 4380.279296875 135
1750518565175 4162.2001953125 136
1750518917750 4194.02734375 137
1750519279625 4042.08984375 138
1750519598684 3810.7158203125 139
1750520648721 3978.7880859375 140
1750520982281 3890.20703125 141
1750521336895 4219.1220703125 142
1750521679480 4051.4775390625 143
1750522038555 4091.970703125 144
1750522374845 4038.708984375 145
1750522705318 3999.59765625 146
1750523030847 3788.54296875 147
1750523374472 3921.8349609375 148
1750523694320 3749.513671875 149
1750524719759 3881.375 150
1750525032970 3772.640625 151
1750525354946 3742.0107421875 152
1750525677414 3810.2587890625 153
1750525997372 3853.912109375 154
1750526323544 3912.5 155
1750526653863 3942.4423828125 156
1750526979770 3783.15625 157
1750527311525 3882.8291015625 158
1750527630532 3727.0087890625 159
1750528511966 3524.705078125 160
1750528827885 3701.3193359375 161
1750529146063 3614.763671875 162
1750529457979 3595.140625 163
1750529771115 3517.9248046875 164
1750530078631 3445.3095703125 165
1750530382115 3456.5234375 166
1750530691782 3533.884765625 167
1750530989560 3325.8525390625 168
1750531278705 3210.376953125 169
1750532008171 3122.0419921875 170
1750532288290 3007.373046875 171
1750532565634 2999.8447265625 172
1750532861050 3190.267578125 173
1750533154806 3278.52734375 174
1750533441192 2949.935546875 175
1750533726194 2930.55859375 176
1750533997909 2684.6044921875 177
1750534268259 2838.3056640625 178
1750534552013 3073.296875 179
1750535251430 2841.3193359375 180
1750535531196 2880.1708984375 181
1750535811969 2950.263671875 182
1750536091438 2806.142578125 183
1750536367799 2901.04296875 184
1750536672831 2952.8515625 185
1750536955205 2947.0390625 186
1750537247089 3000.025390625 187
1750537548642 3133.6943359375 188
1750537862422 3361.3603515625 189
1750538654810 3305.435546875 190
1750538954617 3246.7138671875 191
1750539258386 3298.4892578125 192
1750539547146 3047.9248046875 193
1750539842737 3002.888671875 194
1750540128683 3087.5029296875 195
1750540405826 2929.0205078125 196
1750540692466 2965.3603515625 197
1750540973180 2888.2900390625 198
1750541270685 3022.9765625 199
1750541989864 3005.5576171875 200
1750542267873 2938.0166015625 201
1750542548953 3045.2216796875 202
1750542832769 2864.2177734375 203
1750543104263 2737.5341796875 204
1750543385257 2850.642578125 205
1750543651429 2630.57421875 206
1750543937350 2955.3134765625 207
1750544206476 2759.9296875 208
1750544483514 2842.1689453125 209
1750545129814 2993.232421875 210
1750545408626 2975.8291015625 211
1750545682279 2851.099609375 212
1750545954874 2813.826171875 213
1750546230031 2780.251953125 214
1750546508009 2725.9384765625 215
1750546777855 2786.5419921875 216
1750547058762 2855.0478515625 217
1750547317700 2666.57421875 218
1750547595676 2909.1259765625 219
1750548245774 2512.3330078125 220
1750548514137 2650.640625 221
1750548767764 2565.328125 222
1750549030480 2569.564453125 223
1750549284716 2499.068359375 224
1750549536555 2454.2373046875 225
1750549789196 2498.931640625 226
1750550054297 2551.5166015625 227
1750550305629 2492.55859375 228
1750550574349 2766.619140625 229
1750551257471 2765.705078125 230
1750551524919 2716.189453125 231
1750551790166 2612.9052734375 232
1750552059496 2894.0498046875 233
1750552333649 2858.0234375 234
1750552590382 2513.2275390625 235
1750552847177 2608.173828125 236
1750553114323 2774.7890625 237
1750553372220 2643.369140625 238
1750553641163 2723.3671875 239
1750554272843 2711.951171875 240
1750554532658 2622.6162109375 241
1750554807212 2872.7275390625 242
1750555070866 2696.1533203125 243
1750555348177 2880.58984375 244
1750555619029 2917.1103515625 245
1750555912096 3101.564453125 246
1750556201548 2937.4326171875 247
1750556465995 2816.80859375 248
1750556780891 3113.2197265625 249
1750557434440 2902.34375 250
1750557703331 2680.23046875 251
1750557977141 2980.572265625 252
1750558270312 2974.9140625 253
1750558538189 2730.7236328125 254
1750558818213 2916.515625 255
1750559082238 2655.703125 256
1750559346839 2698.6357421875 257
1750559607780 2619.8837890625 258
1750559884350 2634.703125 259
1750560510267 2439.3798828125 260
1750560772825 2405.2607421875 261
1750561042523 2643.3408203125 262
1750561299174 2467.216796875 263
1750561558060 2388.7568359375 264
1750561813783 2561.2294921875 265
1750562080828 2632.36328125 266
1750562357766 2692.537109375 267
1750562618644 2593.919921875 268
1750562877322 2593.9697265625 269
1750563572426 3024.4990234375 270
1750563846289 2810.2939453125 271
1750564111453 2652.5751953125 272
1750564385175 2759.599609375 273
1750564653742 2600.021484375 274
1750564938901 2693.912109375 275
1750565205499 2739.2490234375 276
1750565465980 2605.2802734375 277
1750565726126 2521.3291015625 278
1750565984939 2604.1494140625 279
1750566634927 2646.4599609375 280
1750566897081 2602.1767578125 281
1750567156743 2455.55859375 282
1750567416131 2474.123046875 283
1750567666229 2376.65234375 284
1750567916494 2276.095703125 285
1750568163374 2321.80859375 286
1750568419893 2342.3408203125 287
1750568668858 2338.26953125 288
1750568917138 2315.3251953125 289
1750569517460 2298.556640625 290
1750569774871 2351.66015625 291
1750570017665 2173.4609375 292
1750570255484 2043.2548828125 293
1750570499592 2163.18359375 294
1750570743114 2249.580078125 295
1750570978414 2184.865234375 296
1750571217660 2126.634765625 297
1750571446322 2019.40625 298
1750571678782 2086.52734375 299
1750572286226 2162.8291015625 300
1750572519633 2069.9150390625 301
1750572752237 2106.9697265625 302
1750572991831 2224.56640625 303
1750573234036 2092.626953125 304
1750573474743 2214.2353515625 305
1750573721816 2450.2509765625 306
1750573973234 2387.2158203125 307
1750574214107 2134.173828125 308
1750574457892 2267.2265625 309
1750575028311 2339.169921875 310
1750575289526 2203.62109375 311
1750575532092 2230.4794921875 312
1750575773233 2148.228515625 313
1750576005294 2056.2060546875 314
1750576241584 2070.0302734375 315
1750576483151 2185.302734375 316
1750576723255 2161.3271484375 317
1750576965245 2215.390625 318
1750577200702 2061.1943359375 319
1750577743413 2086.2216796875 320
1750577986432 2291.3466796875 321
1750578221438 2068.4140625 322
1750578460447 2175.1640625 323
1750578717224 2095.8330078125 324
1750578951944 1992.90234375 325
1750579187775 2179.7451171875 326
1750579433673 2172.9306640625 327
1750579672538 2180.7451171875 328
1750579906586 2140.5107421875 329
1750580437726 1973.421875 330
1750580672853 1975.59765625 331
1750580907008 2057.5244140625 332
1750581143983 2082.7548828125 333
1750581389719 2225.7861328125 334
1750581655932 2253.6171875 335
1750581897205 2165.2431640625 336
1750582151126 2431.931640625 337
1750582400200 2370.8994140625 338
1750582654460 2371.9169921875 339
1750583287182 2342.529296875 340
1750583545854 2482.021484375 341
1750583820405 2838.0546875 342
1750584086648 2726.4892578125 343
1750584354456 2773.4345703125 344
1750584624306 2671.9375 345
1750584881629 2359.2998046875 346
1750585136212 2351.662109375 347
1750585383584 2377.89453125 348
1750585633146 2403.4921875 349
1750586274948 2182.2275390625 350
1750586529890 2356.216796875 351
1750586789633 2538.0263671875 352
1750587046206 2489.6875 353
1750587294912 2365.0830078125 354
1750587560299 2667.443359375 355
1750587831560 2664.6015625 356
1750588108048 2882.5 357
1750588384769 2922.787109375 358
1750588652810 2712.2001953125 359
1750589306668 2705.2744140625 360
1750589578132 2784.166015625 361
1750589866094 3252.705078125 362
1750590140044 2896.9501953125 363
1750590410062 2805.4921875 364
1750590675051 2717.3837890625 365
