1750481586734 6.0 1
1750481724146 5.0 2
1750481832814 4.0 3
1750482016497 5.0 4
1750482201301 4.0 5
1750482380803 6.0 6
1750482564390 6.0 7
1750482745714 6.0 8
1750482894864 6.0 9
1750483320027 6.0 10
1750483507848 6.0 11
1750483697444 6.0 12
1750483881875 6.0 13
1750484072225 6.0 14
1750484237673 4.0 15
1750484426285 6.0 16
1750484617699 6.0 17
1750484810366 3.0 18
1750485006758 6.0 19
1750485461323 6.0 20
1750485658690 6.0 21
1750485856395 6.0 22
1750486055923 6.0 23
1750486255075 9.0 24
1750486464304 13.0 25
1750486670834 10.0 26
1750486877955 10.0 27
1750487090325 9.0 28
1750487299022 11.0 29
1750487900539 7.0 30
1750488112613 11.0 31
1750488331135 10.0 32
1750488552314 71.0 33
1750488763423 9.0 34
1750488983091 40.0 35
1750489201265 117.0 36
1750489424197 185.0 37
1750489639204 11.0 38
1750489851844 11.0 39
1750490401099 46.0 40
1750490616254 21.0 41
1750491049354 168.0 42
1750491260613 136.0 43
1750491474715 215.0 44
1750491688598 123.0 45
1750491903750 204.0 46
1750492121865 273.0 47
1750492345436 39.0 48
1750492561225 38.0 49
1750493146016 252.0 50
1750493361671 242.0 51
1750493578289 147.0 52
1750493797259 54.0 53
1750494011398 15.0 54
1750494226708 184.0 55
1750494443621 169.0 56
1750494660401 199.0 57
1750494883387 243.0 58
1750495097515 183.0 59
1750495625100 266.0 60
1750495844165 168.0 61
1750496077414 197.0 62
1750496299699 173.0 63
1750496513078 227.0 64
1750496729600 200.0 65
1750496948033 179.0 66
1750497168813 209.0 67
1750497387373 283.0 68
1750497607822 191.0 69
1750498117766 196.0 70
1750498337646 235.0 71
1750498561268 286.0 72
1750498786743 172.0 73
1750499003660 150.0 74
1750499222479 147.0 75
1750499451830 260.0 76
1750499677281 206.0 77
1750499896776 191.0 78
1750500123128 181.0 79
1750500701062 191.0 80
1750500928911 166.0 81
1750501153788 211.0 82
1750501385461 233.0 83
1750501616857 228.0 84
1750501838041 226.0 85
1750502063543 115.0 86
1750502292394 258.0 87
1750502520623 253.0 88
1750502748231 196.0 89
1750503369073 143.0 90
1750503605433 168.0 91
1750503844836 225.0 92
1750504077800 259.0 93
1750504320174 162.0 94
1750504556423 242.0 95
1750504786139 254.0 96
1750505024333 206.0 97
1750505260664 221.0 98
1750505494707 274.0 99
1750506066426 187.0 100
1750506297986 254.0 101
1750506542699 252.0 102
1750506781651 44.0 103
1750507043667 219.0 104
1750507287503 313.0 105
1750507525749 329.0 106
1750507772569 226.0 107
1750508018680 284.0 108
1750508265530 338.0 109
1750508828561 347.0 110
1750509077573 368.0 111
1750509321631 341.0 112
1750509573962 258.0 113
1750509825399 367.0 114
1750510084926 417.0 115
1750510359439 306.0 116
1750510634817 254.0 117
1750510912646 439.0 118
1750511213840 513.0 119
1750512203481 434.0 120
1750512516319 449.0 121
1750512830077 545.0 122
1750513143484 394.0 123
1750513442925 573.0 124
1750513741978 431.0 125
1750514046624 407.0 126
1750514364120 379.0 127
1750514695407 503.0 128
1750515080354 694.0 129
1750516315499 615.0 130
1750516694296 575.0 131
1750517095134 573.0 132
1750517461997 676.0 133
1750517848025 501.0 134
1750518213838 586.0 135
1750518565175 610.0 136
1750518917750 567.0 137
1750519279625 559.0 138
1750519598684 684.0 139
1750520648721 747.0 140
1750520982281 632.0 141
1750521336895 602.0 142
1750521679480 416.0 143
1750522038555 536.0 144
1750522374845 593.0 145
1750522705318 694.0 146
1750523030847 503.0 147
1750523374472 578.0 148
1750523694320 620.0 149
1750524719759 529.0 150
1750525032970 454.0 151
1750525354946 461.0 152
1750525677414 431.0 153
1750525997372 588.0 154
1750526323544 455.0 155
1750526653863 514.0 156
1750526979770 561.0 157
1750527311525 399.0 158
1750527630532 362.0 159
1750528511966 358.0 160
1750528827885 458.0 161
1750529146063 488.0 162
1750529457979 418.0 163
1750529771115 544.0 164
1750530078631 430.0 165
1750530382115 435.0 166
1750530691782 438.0 167
1750530989560 533.0 168
1750531278705 362.0 169
1750532008171 502.0 170
1750532288290 429.0 171
1750532565634 507.0 172
1750532861050 400.0 173
1750533154806 368.0 174
1750533441192 301.0 175
1750533726194 342.0 176
1750533997909 395.0 177
1750534268259 348.0 178
1750534552013 291.0 179
1750535251430 288.0 180
1750535531196 303.0 181
1750535811969 313.0 182
1750536091438 427.0 183
1750536367799 316.0 184
1750536672831 360.0 185
1750536955205 251.0 186
1750537247089 330.0 187
1750537548642 313.0 188
1750537862422 356.0 189
1750538654810 306.0 190
1750538954617 417.0 191
1750539258386 368.0 192
1750539547146 400.0 193
1750539842737 311.0 194
1750540128683 385.0 195
1750540405826 358.0 196
1750540692466 449.0 197
1750540973180 432.0 198
1750541270685 444.0 199
1750541989864 378.0 200
1750542267873 510.0 201
1750542548953 240.0 202
1750542832769 514.0 203
1750543104263 299.0 204
1750543385257 345.0 205
1750543651429 343.0 206
1750543937350 381.0 207
1750544206476 454.0 208
1750544483514 440.0 209
1750545129814 422.0 210
1750545408626 365.0 211
1750545682279 499.0 212
1750545954874 435.0 213
1750546230031 393.0 214
1750546508009 384.0 215
1750546777855 413.0 216
1750547058762 322.0 217
1750547317700 455.0 218
1750547595676 465.0 219
1750548245774 368.0 220
1750548514137 430.0 221
1750548767764 305.0 222
1750549030480 236.0 223
1750549284716 357.0 224
1750549536555 271.0 225
1750549789196 359.0 226
1750550054297 389.0 227
1750550305629 278.0 228
1750550574349 344.0 229
1750551257471 414.0 230
1750551524919 264.0 231
1750551790166 271.0 232
1750552059496 408.0 233
1750552333649 298.0 234
1750552590382 322.0 235
1750552847177 483.0 236
1750553114323 310.0 237
1750553372220 313.0 238
1750553641163 349.0 239
1750554272843 253.0 240
1750554532658 279.0 241
1750554807212 272.0 242
1750555070866 372.0 243
1750555348177 299.0 244
1750555619029 251.0 245
1750555912096 401.0 246
1750556201548 343.0 247
1750556465995 295.0 248
1750556780891 328.0 249
1750557434440 252.0 250
1750557703331 253.0 251
1750557977141 284.0 252
1750558270312 374.0 253
1750558538189 162.0 254
1750558818213 279.0 255
1750559082238 252.0 256
1750559346839 347.0 257
1750559607780 280.0 258
1750559884350 275.0 259
1750560510267 319.0 260
1750560772825 280.0 261
1750561042523 267.0 262
1750561299174 206.0 263
1750561558060 280.0 264
1750561813783 334.0 265
1750562080828 269.0 266
1750562357766 248.0 267
1750562618644 216.0 268
1750562877322 267.0 269
1750563572426 377.0 270
1750563846289 291.0 271
1750564111453 244.0 272
1750564385175 282.0 273
1750564653742 330.0 274
1750564938901 334.0 275
1750565205499 323.0 276
1750565465980 427.0 277
1750565726126 291.0 278
1750565984939 315.0 279
1750566634927 342.0 280
1750566897081 244.0 281
1750567156743 379.0 282
1750567416131 275.0 283
1750567666229 172.0 284
1750567916494 255.0 285
1750568163374 314.0 286
1750568419893 254.0 287
1750568668858 282.0 288
1750568917138 283.0 289
1750569517460 256.0 290
1750569774871 281.0 291
1750570017665 213.0 292
1750570255484 213.0 293
1750570499592 290.0 294
1750570743114 268.0 295
1750570978414 294.0 296
1750571217660 244.0 297
1750571446322 272.0 298
1750571678782 231.0 299
1750572286226 198.0 300
1750572519633 289.0 301
1750572752237 290.0 302
1750572991831 277.0 303
1750573234036 269.0 304
1750573474743 298.0 305
1750573721816 269.0 306
1750573973234 332.0 307
1750574214107 224.0 308
1750574457892 274.0 309
1750575028311 351.0 310
1750575289526 293.0 311
1750575532092 414.0 312
1750575773233 357.0 313
1750576005294 201.0 314
1750576241584 319.0 315
1750576483151 247.0 316
1750576723255 270.0 317
1750576965245 315.0 318
1750577200702 270.0 319
1750577743413 203.0 320
1750577986432 313.0 321
1750578221438 259.0 322
1750578460447 268.0 323
1750578717224 280.0 324
1750578951944 276.0 325
1750579187775 304.0 326
1750579433673 320.0 327
1750579672538 276.0 328
1750579906586 363.0 329
1750580437726 303.0 330
1750580672853 226.0 331
1750580907008 244.0 332
1750581143983 342.0 333
1750581389719 236.0 334
1750581655932 303.0 335
1750581897205 209.0 336
1750582151126 241.0 337
1750582400200 309.0 338
1750582654460 365.0 339
1750583287182 257.0 340
1750583545854 350.0 341
1750583820405 320.0 342
1750584086648 340.0 343
1750584354456 358.0 344
1750584624306 226.0 345
1750584881629 232.0 346
1750585136212 290.0 347
1750585383584 209.0 348
1750585633146 276.0 349
1750586274948 259.0 350
1750586529890 265.0 351
1750586789633 277.0 352
1750587046206 249.0 353
1750587294912 239.0 354
1750587560299 331.0 355
1750587831560 285.0 356
1750588108048 333.0 357
1750588384769 251.0 358
1750588652810 350.0 359
1750589306668 381.0 360
1750589578132 352.0 361
1750589866094 350.0 362
1750590140044 252.0 363
1750590410062 330.0 364
1750590675051 315.0 365
