1750481586734 176779.0 1
1750481724146 177358.0 2
1750481832814 175569.0 3
1750482016497 178726.0 4
1750482201301 175596.0 5
1750482380803 178537.0 6
1750482564390 176312.0 7
1750482745714 173831.0 8
1750482894864 180577.0 9
1750483320027 177296.0 10
1750483507848 188490.0 11
1750483697444 184828.0 12
1750483881875 184464.0 13
1750484072225 189228.0 14
1750484237673 183214.0 15
1750484426285 194779.0 16
1750484617699 186980.0 17
1750484810366 193288.0 18
1750485006758 194459.0 19
1750485461323 191600.0 20
1750485658690 196545.0 21
1750485856395 197091.0 22
1750486055923 200969.0 23
1750486255075 202892.0 24
1750486464304 211810.0 25
1750486670834 214552.0 26
1750486877955 223604.0 27
1750487090325 233886.0 28
1750487299022 225310.0 29
1750487900539 235019.0 30
1750488112613 231801.0 31
1750488331135 233710.0 32
1750488552314 244010.0 33
1750488763423 234370.0 34
1750488983091 236204.0 35
1750489201265 234836.0 36
1750489424197 239787.0 37
1750489639204 233345.0 38
1750489851844 232443.0 39
1750490401099 217714.0 40
1750490616254 228918.0 41
1750491049354 238614.0 42
1750491260613 224467.0 43
1750491474715 231018.0 44
1750491688598 232204.0 45
1750491903750 234950.0 46
1750492121865 241020.0 47
1750492345436 230794.0 48
1750492561225 234841.0 49
1750493146016 247035.0 50
1750493361671 237684.0 51
1750493578289 231300.0 52
1750493797259 246446.0 53
1750494011398 236500.0 54
1750494226708 235481.0 55
1750494443621 236415.0 56
1750494660401 246870.0 57
1750494883387 249229.0 58
1750495097515 237973.0 59
1750495625100 252740.0 60
1750495844165 246317.0 61
1750496077414 231157.0 62
1750496299699 245699.0 63
1750496513078 229125.0 64
1750496729600 242997.0 65
1750496948033 250359.0 66
1750497168813 249021.0 67
1750497387373 246221.0 68
1750497607822 245731.0 69
1750498117766 250807.0 70
1750498337646 255460.0 71
1750498561268 261907.0 72
1750498786743 246049.0 73
1750499003660 234547.0 74
1750499222479 248518.0 75
1750499451830 265134.0 76
1750499677281 258779.0 77
1750499896776 248502.0 78
1750500123128 258722.0 79
1750500701062 252376.0 80
1750500928911 264884.0 81
1750501153788 264302.0 82
1750501385461 272659.0 83
1750501616857 268511.0 84
1750501838041 269647.0 85
1750502063543 267896.0 86
1750502292394 268413.0 87
1750502520623 281329.0 88
1750502748231 274655.0 89
1750503369073 304255.0 90
1750503605433 296557.0 91
1750503844836 291482.0 92
1750504077800 285763.0 93
1750504320174 309289.0 94
1750504556423 293522.0 95
1750504786139 276838.0 96
1750505024333 279703.0 97
1750505260664 280954.0 98
1750505494707 281677.0 99
1750506066426 295707.0 100
1750506297986 292901.0 101
1750506542699 305740.0 102
1750506781651 295866.0 103
1750507043667 284431.0 104
1750507287503 300289.0 105
1750507525749 296211.0 106
1750507772569 301926.0 107
1750508018680 319842.0 108
1750508265530 318177.0 109
1750508828561 298509.0 110
1750509077573 340775.0 111
1750509321631 321135.0 112
1750509573962 344012.0 113
1750509825399 345879.0 114
1750510084926 369860.0 115
1750510359439 377231.0 116
1750510634817 405809.0 117
1750510912646 417581.0 118
1750511213840 473242.0 119
1750512203481 496534.0 120
1750512516319 513770.0 121
1750512830077 494462.0 122
1750513143484 482979.0 123
1750513442925 461812.0 124
1750513741978 458414.0 125
1750514046624 468545.0 126
1750514364120 493779.0 127
1750514695407 558006.0 128
1750515080354 617213.0 129
1750516315499 615695.0 130
1750516694296 623483.0 131
1750517095134 629770.0 132
1750517461997 613848.0 133
1750517848025 602630.0 134
1750518213838 590987.0 135
1750518565175 563488.0 136
1750518917750 566754.0 137
1750519279625 547373.0 138
1750519598684 518996.0 139
1750520648721 540335.0 140
1750520982281 528116.0 141
1750521336895 570657.0 142
1750521679480 549301.0 143
1750522038555 554730.0 144
1750522374845 548192.0 145
1750522705318 542282.0 146
1750523030847 515394.0 147
1750523374472 533597.0 148
1750523694320 510212.0 149
1750524719759 527512.0 150
1750525032970 513616.0 151
1750525354946 510245.0 152
1750525677414 518622.0 153
1750525997372 523744.0 154
1750526323544 531293.0 155
1750526653863 535143.0 156
1750526979770 515150.0 157
1750527311525 528042.0 158
1750527630532 508364.0 159
1750528511966 481485.0 160
1750528827885 503655.0 161
1750529146063 493212.0 162
1750529457979 491537.0 163
1750529771115 480457.0 164
1750530078631 471514.0 165
1750530382115 473199.0 166
1750530691782 482911.0 167
1750530989560 456061.0 168
1750531278705 442961.0 169
1750532008171 429817.0 170
1750532288290 414758.0 171
1750532565634 414384.0 172
1750532861050 439844.0 173
1750533154806 451016.0 174
1750533441192 407671.0 175
1750533726194 405761.0 176
1750533997909 373576.0 177
1750534268259 394354.0 178
1750534552013 424858.0 179
1750535251430 394854.0 180
1750535531196 399793.0 181
1750535811969 407763.0 182
1750536091438 390039.0 183
1750536367799 401661.0 184
1750536672831 408392.0 185
1750536955205 407742.0 186
1750537247089 415247.0 187
1750537548642 431116.0 188
1750537862422 460770.0 189
1750538654810 453614.0 190
1750538954617 447139.0 191
1750539258386 453931.0 192
1750539547146 421239.0 193
1750539842737 416144.0 194
1750540128683 425500.0 195
1750540405826 404386.0 196
1750540692466 410106.0 197
1750540973180 400331.0 198
1750541270685 418188.0 199
1750541989864 415571.0 200
1750542267873 406182.0 201
1750542548953 420127.0 202
1750542832769 397552.0 203
1750543104263 381563.0 204
1750543385257 395052.0 205
1750543651429 367289.0 206
1750543937350 409659.0 207
1750544206476 383612.0 208
1750544483514 396075.0 209
1750545129814 415106.0 210
1750545408626 412188.0 211
1750545682279 395546.0 212
1750545954874 390773.0 213
1750546230031 387473.0 214
1750546508009 378764.0 215
1750546777855 387436.0 216
1750547058762 395571.0 217
1750547317700 371425.0 218
1750547595676 402986.0 219
1750548245774 352057.0 220
1750548514137 369038.0 221
1750548767764 360246.0 222
1750549030480 359930.0 223
1750549284716 350636.0 224
1750549536555 345227.0 225
1750549789196 349935.0 226
1750550054297 356741.0 227
1750550305629 350831.0 228
1750550574349 385364.0 229
1750551257471 385227.0 230
1750551524919 378183.0 231
1750551790166 365047.0 232
1750552059496 401734.0 233
1750552333649 397047.0 234
1750552590382 351742.0 235
1750552847177 366299.0 236
1750553114323 386466.0 237
1750553372220 368921.0 238
1750553641163 378567.0 239
1750554272843 377964.0 240
1750554532658 366932.0 241
1750554807212 398020.0 242
1750555070866 376136.0 243
1750555348177 398506.0 244
1750555619029 403824.0 245
1750555912096 428237.0 246
1750556201548 406819.0 247
1750556465995 391587.0 248
1750556780891 429137.0 249
1750557434440 400939.0 250
1750557703331 372873.0 251
1750557977141 412201.0 252
1750558270312 410491.0 253
1750558538189 379738.0 254
1750558818213 404516.0 255
1750559082238 370976.0 256
1750559346839 375603.0 257
1750559607780 366332.0 258
1750559884350 367086.0 259
1750560510267 342876.0 260
1750560772825 338902.0 261
1750561042523 368651.0 262
1750561299174 345744.0 263
1750561558060 335946.0 264
1750561813783 358316.0 265
1750562080828 368660.0 266
1750562357766 375194.0 267
1750562618644 363035.0 268
1750562877322 362558.0 269
1750563572426 418470.0 270
1750563846289 389555.0 271
1750564111453 369693.0 272
1750564385175 383723.0 273
1750564653742 362270.0 274
1750564938901 374648.0 275
1750565205499 381561.0 276
1750565465980 364504.0 277
1750565726126 352594.0 278
1750565984939 364232.0 279
1750566634927 369465.0 280
1750566897081 363463.0 281
1750567156743 344785.0 282
1750567416131 346242.0 283
1750567666229 334848.0 284
1750567916494 321739.0 285
1750568163374 327358.0 286
1750568419893 330128.0 287
1750568668858 328956.0 288
1750568917138 326867.0 289
1750569517460 325389.0 290
1750569774871 330990.0 291
1750570017665 308707.0 292
1750570255484 292150.0 293
1750570499592 306938.0 294
1750570743114 318756.0 295
1750570978414 310427.0 296
1750571217660 302702.0 297
1750571446322 288745.0 298
1750571678782 297586.0 299
1750572286226 307200.0 300
1750572519633 295649.0 301
1750572752237 299251.0 302
1750572991831 315672.0 303
1750573234036 299063.0 304
1750573474743 313581.0 305
1750573721816 344145.0 306
1750573973234 335926.0 307
1750574214107 303933.0 308
1750574457892 321196.0 309
1750575028311 330490.0 310
1750575289526 312656.0 311
1750575532092 316296.0 312
1750575773233 305605.0 313
1750576005294 293476.0 314
1750576241584 295476.0 315
1750576483151 310239.0 316
1750576723255 306948.0 317
1750576965245 314945.0 318
1750577200702 294516.0 319
1750577743413 297391.0 320
1750577986432 323036.0 321
1750578221438 294932.0 322
1750578460447 309176.0 323
1750578717224 298350.0 324
1750578951944 285011.0 325
1750579187775 309129.0 326
1750579433673 309032.0 327
1750579672538 310462.0 328
1750579906586 303895.0 329
1750580437726 283204.0 330
1750580672853 283012.0 331
1750580907008 293533.0 332
1750581143983 297033.0 333
1750581389719 317366.0 334
1750581655932 319780.0 335
1750581897205 308687.0 336
1750582151126 342461.0 337
1750582400200 334240.0 338
1750582654460 334490.0 339
1750583287182 328958.0 340
1750583545854 347203.0 341
1750583820405 393872.0 342
1750584086648 380168.0 343
1750584354456 386038.0 344
1750584624306 372113.0 345
1750584881629 332840.0 346
1750585136212 332318.0 347
1750585383584 334268.0 348
1750585633146 338183.0 349
1750586274948 309976.0 350
1750586529890 332614.0 351
1750586789633 355412.0 352
1750587046206 348747.0 353
1750587294912 332756.0 354
1750587560299 371581.0 355
1750587831560 371609.0 356
1750588108048 399965.0 357
1750588384769 404380.0 358
1750588652810 377895.0 359
1750589306668 377313.0 360
1750589578132 387655.0 361
1750589866094 447635.0 362
1750590140044 402399.0 363
1750590410062 388904.0 364
1750590675051 377264.0 365
