1750481586734 176778.0 1
1750481724146 177357.0 2
1750481832814 175568.0 3
1750482016497 178725.0 4
1750482201301 175595.0 5
1750482380803 178536.0 6
1750482564390 176311.0 7
1750482745714 173830.0 8
1750482894864 180576.0 9
1750483320027 177295.0 10
1750483507848 188489.0 11
1750483697444 184828.0 12
1750483881875 184463.0 13
1750484072225 189227.0 14
1750484237673 183214.0 15
1750484426285 194778.0 16
1750484617699 186979.0 17
1750484810366 193287.0 18
1750485006758 194459.0 19
1750485461323 191599.0 20
1750485658690 196544.0 21
1750485856395 197090.0 22
1750486055923 200968.0 23
1750486255075 202891.0 24
1750486464304 211810.0 25
1750486670834 214551.0 26
1750486877955 223603.0 27
1750487090325 233885.0 28
1750487299022 225309.0 29
1750487900539 235018.0 30
1750488112613 231800.0 31
1750488331135 233709.0 32
1750488552314 244009.0 33
1750488763423 234369.0 34
1750488983091 236204.0 35
1750489201265 234835.0 36
1750489424197 239786.0 37
1750489639204 233344.0 38
1750489851844 232442.0 39
1750490401099 217713.0 40
1750490616254 228917.0 41
1750491049354 238613.0 42
1750491260613 224466.0 43
1750491474715 231017.0 44
1750491688598 232203.0 45
1750491903750 234949.0 46
1750492121865 241019.0 47
1750492345436 230793.0 48
1750492561225 234841.0 49
1750493146016 247034.0 50
1750493361671 237683.0 51
1750493578289 231299.0 52
1750493797259 246445.0 53
1750494011398 236499.0 54
1750494226708 235480.0 55
1750494443621 236414.0 56
1750494660401 246869.0 57
1750494883387 249228.0 58
1750495097515 237973.0 59
1750495625100 252740.0 60
1750495844165 246316.0 61
1750496077414 231156.0 62
1750496299699 245698.0 63
1750496513078 229125.0 64
1750496729600 242997.0 65
1750496948033 250358.0 66
1750497168813 249021.0 67
1750497387373 246220.0 68
1750497607822 245730.0 69
1750498117766 250806.0 70
1750498337646 255459.0 71
1750498561268 261906.0 72
1750498786743 246048.0 73
1750499003660 234546.0 74
1750499222479 248518.0 75
1750499451830 265133.0 76
1750499677281 258778.0 77
1750499896776 248501.0 78
1750500123128 258721.0 79
1750500701062 252375.0 80
1750500928911 264884.0 81
1750501153788 264301.0 82
1750501385461 272658.0 83
1750501616857 268511.0 84
1750501838041 269646.0 85
1750502063543 267896.0 86
1750502292394 268413.0 87
1750502520623 281328.0 88
1750502748231 274654.0 89
1750503369073 304254.0 90
1750503605433 296556.0 91
1750503844836 291481.0 92
1750504077800 285762.0 93
1750504320174 309288.0 94
1750504556423 293521.0 95
1750504786139 276837.0 96
1750505024333 279702.0 97
1750505260664 280953.0 98
1750505494707 281676.0 99
1750506066426 295706.0 100
1750506297986 292901.0 101
1750506542699 305740.0 102
1750506781651 295865.0 103
1750507043667 284430.0 104
1750507287503 300288.0 105
1750507525749 296210.0 106
1750507772569 301925.0 107
1750508018680 319841.0 108
1750508265530 318177.0 109
1750508828561 298508.0 110
1750509077573 340774.0 111
1750509321631 321135.0 112
1750509573962 344011.0 113
1750509825399 345879.0 114
1750510084926 369859.0 115
1750510359439 377230.0 116
1750510634817 405808.0 117
1750510912646 417581.0 118
1750511213840 473241.0 119
1750512203481 496534.0 120
1750512516319 513769.0 121
1750512830077 494461.0 122
1750513143484 482978.0 123
1750513442925 461811.0 124
1750513741978 458413.0 125
1750514046624 468545.0 126
1750514364120 493778.0 127
1750514695407 558005.0 128
1750515080354 617212.0 129
1750516315499 615694.0 130
1750516694296 623482.0 131
1750517095134 629769.0 132
1750517461997 613847.0 133
1750517848025 602629.0 134
1750518213838 590986.0 135
1750518565175 563487.0 136
1750518917750 566753.0 137
1750519279625 547372.0 138
1750519598684 518995.0 139
1750520648721 540334.0 140
1750520982281 528115.0 141
1750521336895 570656.0 142
1750521679480 549300.0 143
1750522038555 554729.0 144
1750522374845 548191.0 145
1750522705318 542281.0 146
1750523030847 515393.0 147
1750523374472 533596.0 148
1750523694320 510211.0 149
1750524719759 527512.0 150
1750525032970 513616.0 151
1750525354946 510244.0 152
1750525677414 518621.0 153
1750525997372 523743.0 154
1750526323544 531293.0 155
1750526653863 535142.0 156
1750526979770 515150.0 157
1750527311525 528041.0 158
1750527630532 508363.0 159
1750528511966 481484.0 160
1750528827885 503654.0 161
1750529146063 493211.0 162
1750529457979 491537.0 163
1750529771115 480456.0 164
1750530078631 471513.0 165
1750530382115 473199.0 166
1750530691782 482910.0 167
1750530989560 456060.0 168
1750531278705 442960.0 169
1750532008171 429816.0 170
1750532288290 414757.0 171
1750532565634 414383.0 172
1750532861050 439843.0 173
1750533154806 451015.0 174
1750533441192 407670.0 175
1750533726194 405760.0 176
1750533997909 373575.0 177
1750534268259 394353.0 178
1750534552013 424858.0 179
1750535251430 394853.0 180
1750535531196 399792.0 181
1750535811969 407762.0 182
1750536091438 390038.0 183
1750536367799 401660.0 184
1750536672831 408392.0 185
1750536955205 407742.0 186
1750537247089 415246.0 187
1750537548642 431115.0 188
1750537862422 460769.0 189
1750538654810 453613.0 190
1750538954617 447138.0 191
1750539258386 453930.0 192
1750539547146 421238.0 193
1750539842737 416143.0 194
1750540128683 425499.0 195
1750540405826 404385.0 196
1750540692466 410105.0 197
1750540973180 400330.0 198
1750541270685 418188.0 199
1750541989864 415570.0 200
1750542267873 406181.0 201
1750542548953 420126.0 202
1750542832769 397551.0 203
1750543104263 381562.0 204
1750543385257 395051.0 205
1750543651429 367288.0 206
1750543937350 409658.0 207
1750544206476 383612.0 208
1750544483514 396074.0 209
1750545129814 415105.0 210
1750545408626 412187.0 211
1750545682279 395545.0 212
1750545954874 390772.0 213
1750546230031 387472.0 214
1750546508009 378763.0 215
1750546777855 387435.0 216
1750547058762 395570.0 217
1750547317700 371424.0 218
1750547595676 402985.0 219
1750548245774 352056.0 220
1750548514137 369038.0 221
1750548767764 360246.0 222
1750549030480 359929.0 223
1750549284716 350635.0 224
1750549536555 345226.0 225
1750549789196 349934.0 226
1750550054297 356740.0 227
1750550305629 350830.0 228
1750550574349 385363.0 229
1750551257471 385226.0 230
1750551524919 378182.0 231
1750551790166 365046.0 232
1750552059496 401733.0 233
1750552333649 397047.0 234
1750552590382 351741.0 235
1750552847177 366298.0 236
1750553114323 386466.0 237
1750553372220 368920.0 238
1750553641163 378567.0 239
1750554272843 377963.0 240
1750554532658 366931.0 241
1750554807212 398019.0 242
1750555070866 376135.0 243
1750555348177 398505.0 244
1750555619029 403823.0 245
1750555912096 428236.0 246
1750556201548 406818.0 247
1750556465995 391586.0 248
1750556780891 429136.0 249
1750557434440 400939.0 250
1750557703331 372872.0 251
1750557977141 412200.0 252
1750558270312 410491.0 253
1750558538189 379737.0 254
1750558818213 404516.0 255
1750559082238 370976.0 256
1750559346839 375602.0 257
1750559607780 366331.0 258
1750559884350 367086.0 259
1750560510267 342875.0 260
1750560772825 338901.0 261
1750561042523 368650.0 262
1750561299174 345743.0 263
1750561558060 335945.0 264
1750561813783 358315.0 265
1750562080828 368659.0 266
1750562357766 375193.0 267
1750562618644 363034.0 268
1750562877322 362557.0 269
1750563572426 418469.0 270
1750563846289 389554.0 271
1750564111453 369692.0 272
1750564385175 383722.0 273
1750564653742 362269.0 274
1750564938901 374647.0 275
1750565205499 381560.0 276
1750565465980 364503.0 277
1750565726126 352593.0 278
1750565984939 364231.0 279
1750566634927 369464.0 280
1750566897081 363462.0 281
1750567156743 344784.0 282
1750567416131 346241.0 283
1750567666229 334847.0 284
1750567916494 321738.0 285
1750568163374 327357.0 286
1750568419893 330127.0 287
1750568668858 328955.0 288
1750568917138 326866.0 289
1750569517460 325388.0 290
1750569774871 330989.0 291
1750570017665 308707.0 292
1750570255484 292149.0 293
1750570499592 306937.0 294
1750570743114 318755.0 295
1750570978414 310426.0 296
1750571217660 302701.0 297
1750571446322 288745.0 298
1750571678782 297585.0 299
1750572286226 307199.0 300
1750572519633 295648.0 301
1750572752237 299250.0 302
1750572991831 315671.0 303
1750573234036 299062.0 304
1750573474743 313580.0 305
1750573721816 344144.0 306
1750573973234 335925.0 307
1750574214107 303932.0 308
1750574457892 321196.0 309
1750575028311 330489.0 310
1750575289526 312655.0 311
1750575532092 316295.0 312
1750575773233 305604.0 313
1750576005294 293475.0 314
1750576241584 295475.0 315
1750576483151 310238.0 316
1750576723255 306947.0 317
1750576965245 314945.0 318
1750577200702 294515.0 319
1750577743413 297390.0 320
1750577986432 323035.0 321
1750578221438 294932.0 322
1750578460447 309176.0 323
1750578717224 298349.0 324
1750578951944 285010.0 325
1750579187775 309128.0 326
1750579433673 309031.0 327
1750579672538 310461.0 328
1750579906586 303894.0 329
1750580437726 283204.0 330
1750580672853 283011.0 331
1750580907008 293532.0 332
1750581143983 297032.0 333
1750581389719 317365.0 334
1750581655932 319780.0 335
1750581897205 308686.0 336
1750582151126 342460.0 337
1750582400200 334239.0 338
1750582654460 334489.0 339
1750583287182 328957.0 340
1750583545854 347202.0 341
1750583820405 393872.0 342
1750584086648 380167.0 343
1750584354456 386037.0 344
1750584624306 372113.0 345
1750584881629 332839.0 346
1750585136212 332317.0 347
1750585383584 334267.0 348
1750585633146 338183.0 349
1750586274948 309975.0 350
1750586529890 332613.0 351
1750586789633 355411.0 352
1750587046206 348747.0 353
1750587294912 332755.0 354
1750587560299 371580.0 355
1750587831560 371609.0 356
1750588108048 399965.0 357
1750588384769 404379.0 358
1750588652810 377894.0 359
1750589306668 377312.0 360
1750589578132 387654.0 361
1750589866094 447634.0 362
1750590140044 402398.0 363
1750590410062 388904.0 364
1750590675051 377263.0 365
