1750481586734 193415.0 1
1750481724146 195667.0 2
1750481832814 185917.0 3
1750482016497 197617.0 4
1750482201301 187500.0 5
1750482380803 190689.0 6
1750482564390 200402.0 7
1750482745714 207015.0 8
1750482894864 193987.0 9
1750483320027 209086.0 10
1750483507848 209079.0 11
1750483697444 199678.0 12
1750483881875 204613.0 13
1750484072225 203180.0 14
1750484237673 211011.0 15
1750484426285 218133.0 16
1750484617699 209036.0 17
1750484810366 210380.0 18
1750485006758 223564.0 19
1750485461323 201122.0 20
1750485658690 211517.0 21
1750485856395 234566.0 22
1750486055923 217450.0 23
1750486255075 214521.0 24
1750486464304 248888.0 25
1750486670834 237667.0 26
1750486877955 249509.0 27
1750487090325 273815.0 28
1750487299022 239032.0 29
1750487900539 263516.0 30
1750488112613 258666.0 31
1750488331135 269582.0 32
1750488552314 286716.0 33
1750488763423 270500.0 34
1750488983091 259741.0 35
1750489201265 250683.0 36
1750489424197 289678.0 37
1750489639204 273343.0 38
1750489851844 248185.0 39
1750490401099 229575.0 40
1750490616254 265409.0 41
1750491049354 254341.0 42
1750491260613 261370.0 43
1750491474715 241919.0 44
1750491688598 247913.0 45
1750491903750 271247.0 46
1750492121865 274367.0 47
1750492345436 246151.0 48
1750492561225 271956.0 49
1750493146016 279347.0 50
1750493361671 260110.0 51
1750493578289 266159.0 52
1750493797259 279397.0 53
1750494011398 279815.0 54
1750494226708 264163.0 55
1750494443621 274591.0 56
1750494660401 288818.0 57
1750494883387 289474.0 58
1750495097515 258642.0 59
1750495625100 285283.0 60
1750495844165 280143.0 61
1750496077414 259118.0 62
1750496299699 276660.0 63
1750496513078 257877.0 64
1750496729600 254002.0 65
1750496948033 273484.0 66
1750497168813 279665.0 67
1750497387373 282723.0 68
1750497607822 278558.0 69
1750498117766 262079.0 70
1750498337646 297025.0 71
1750498561268 295756.0 72
1750498786743 273878.0 73
1750499003660 265416.0 74
1750499222479 265733.0 75
1750499451830 309950.0 76
1750499677281 289439.0 77
1750499896776 283288.0 78
1750500123128 302834.0 79
1750500701062 293111.0 80
1750500928911 295496.0 81
1750501153788 293503.0 82
1750501385461 329542.0 83
1750501616857 293240.0 84
1750501838041 291360.0 85
1750502063543 297452.0 86
1750502292394 312658.0 87
1750502520623 310099.0 88
1750502748231 297417.0 89
1750503369073 376378.0 90
1750503605433 332871.0 91
1750503844836 323505.0 92
1750504077800 331120.0 93
1750504320174 381825.0 94
1750504556423 316681.0 95
1750504786139 320847.0 96
1750505024333 299634.0 97
1750505260664 298146.0 98
1750505494707 370922.0 99
1750506066426 332188.0 100
1750506297986 319654.0 101
1750506542699 359066.0 102
1750506781651 327823.0 103
1750507043667 335181.0 104
1750507287503 341920.0 105
1750507525749 349384.0 106
1750507772569 329842.0 107
1750508018680 358414.0 108
1750508265530 367208.0 109
1750508828561 361676.0 110
1750509077573 371922.0 111
1750509321631 347384.0 112
1750509573962 372714.0 113
1750509825399 376912.0 114
1750510084926 399005.0 115
1750510359439 422193.0 116
1750510634817 441948.0 117
1750510912646 451158.0 118
1750511213840 520974.0 119
1750512203481 577463.0 120
1750512516319 547468.0 121
1750512830077 554617.0 122
1750513143484 536559.0 123
1750513442925 505236.0 124
1750513741978 536835.0 125
1750514046624 520264.0 126
1750514364120 550390.0 127
1750514695407 580208.0 128
1750515080354 678757.0 129
1750516315499 655556.0 130
1750516694296 674812.0 131
1750517095134 710625.0 132
1750517461997 648613.0 133
1750517848025 652897.0 134
1750518213838 634422.0 135
1750518565175 607204.0 136
1750518917750 630440.0 137
1750519279625 604871.0 138
1750519598684 558074.0 139
1750520648721 583316.0 140
1750520982281 587857.0 141
1750521336895 615764.0 142
1750521679480 601975.0 143
1750522038555 610005.0 144
1750522374845 597736.0 145
1750522705318 581037.0 146
1750523030847 574270.0 147
1750523374472 631345.0 148
1750523694320 564859.0 149
1750524719759 582817.0 150
1750525032970 571999.0 151
1750525354946 558308.0 152
1750525677414 602542.0 153
1750525997372 547527.0 154
1750526323544 604649.0 155
1750526653863 579582.0 156
1750526979770 578822.0 157
1750527311525 571293.0 158
1750527630532 543004.0 159
1750528511966 505555.0 160
1750528827885 541351.0 161
1750529146063 545199.0 162
1750529457979 536444.0 163
1750529771115 572706.0 164
1750530078631 494776.0 165
1750530382115 511686.0 166
1750530691782 583444.0 167
1750530989560 521076.0 168
1750531278705 498317.0 169
1750532008171 461340.0 170
1750532288290 468213.0 171
1750532565634 456501.0 172
1750532861050 523712.0 173
1750533154806 483145.0 174
1750533441192 467507.0 175
1750533726194 489197.0 176
1750533997909 415169.0 177
1750534268259 427891.0 178
1750534552013 465825.0 179
1750535251430 441748.0 180
1750535531196 470004.0 181
1750535811969 479880.0 182
1750536091438 430638.0 183
1750536367799 456683.0 184
1750536672831 458483.0 185
1750536955205 482018.0 186
1750537247089 456880.0 187
1750537548642 490291.0 188
1750537862422 580133.0 189
1750538654810 534537.0 190
1750538954617 528768.0 191
1750539258386 508316.0 192
1750539547146 468648.0 193
1750539842737 487392.0 194
1750540128683 501867.0 195
1750540405826 446945.0 196
1750540692466 470364.0 197
1750540973180 463557.0 198
1750541270685 473260.0 199
1750541989864 479673.0 200
1750542267873 443697.0 201
1750542548953 474319.0 202
1750542832769 421721.0 203
1750543104263 463955.0 204
1750543385257 454318.0 205
1750543651429 420049.0 206
1750543937350 460476.0 207
1750544206476 430698.0 208
1750544483514 459323.0 209
1750545129814 498550.0 210
1750545408626 482890.0 211
1750545682279 451273.0 212
1750545954874 439263.0 213
1750546230031 446576.0 214
1750546508009 455544.0 215
1750546777855 412010.0 216
1750547058762 459434.0 217
1750547317700 432563.0 218
1750547595676 447324.0 219
1750548245774 383287.0 220
1750548514137 402504.0 221
1750548767764 390641.0 222
1750549030480 383120.0 223
1750549284716 379898.0 224
1750549536555 384145.0 225
1750549789196 377603.0 226
1750550054297 389381.0 227
1750550305629 382715.0 228
1750550574349 429082.0 229
1750551257471 440642.0 230
1750551524919 417965.0 231
1750551790166 403224.0 232
1750552059496 414267.0 233
1750552333649 419977.0 234
1750552590382 400414.0 235
1750552847177 406493.0 236
1750553114323 418609.0 237
1750553372220 429095.0 238
1750553641163 451601.0 239
1750554272843 460339.0 240
1750554532658 382302.0 241
1750554807212 457507.0 242
1750555070866 410066.0 243
1750555348177 470093.0 244
1750555619029 445052.0 245
1750555912096 487666.0 246
1750556201548 459114.0 247
1750556465995 467972.0 248
1750556780891 508863.0 249
1750557434440 446750.0 250
1750557703331 445496.0 251
1750557977141 495517.0 252
1750558270312 495575.0 253
1750558538189 445490.0 254
1750558818213 466303.0 255
1750559082238 440348.0 256
1750559346839 437347.0 257
1750559607780 397084.0 258
1750559884350 424521.0 259
1750560510267 369215.0 260
1750560772825 402234.0 261
1750561042523 416459.0 262
1750561299174 382963.0 263
1750561558060 408468.0 264
1750561813783 398723.0 265
1750562080828 452674.0 266
1750562357766 485614.0 267
1750562618644 457468.0 268
1750562877322 383628.0 269
1750563572426 513281.0 270
1750563846289 485583.0 271
1750564111453 432903.0 272
1750564385175 435919.0 273
1750564653742 418986.0 274
1750564938901 448013.0 275
1750565205499 461484.0 276
1750565465980 402278.0 277
1750565726126 410849.0 278
1750565984939 388937.0 279
1750566634927 411542.0 280
1750566897081 412577.0 281
1750567156743 425770.0 282
1750567416131 418044.0 283
1750567666229 394376.0 284
1750567916494 380004.0 285
1750568163374 394005.0 286
1750568419893 353739.0 287
1750568668858 402354.0 288
1750568917138 391220.0 289
1750569517460 345642.0 290
1750569774871 389494.0 291
1750570017665 368962.0 292
1750570255484 335445.0 293
1750570499592 344834.0 294
1750570743114 342133.0 295
1750570978414 349885.0 296
1750571217660 332419.0 297
1750571446322 324560.0 298
1750571678782 326337.0 299
1750572286226 336896.0 300
1750572519633 337145.0 301
1750572752237 328339.0 302
1750572991831 333302.0 303
1750573234036 347958.0 304
1750573474743 382109.0 305
1750573721816 387713.0 306
1750573973234 403627.0 307
1750574214107 384714.0 308
1750574457892 360779.0 309
1750575028311 384986.0 310
1750575289526 350139.0 311
1750575532092 378650.0 312
1750575773233 378579.0 313
1750576005294 321620.0 314
1750576241584 333318.0 315
1750576483151 353852.0 316
1750576723255 362264.0 317
1750576965245 345778.0 318
1750577200702 349403.0 319
1750577743413 320276.0 320
1750577986432 361789.0 321
1750578221438 326148.0 322
1750578460447 363863.0 323
1750578717224 378668.0 324
1750578951944 324371.0 325
1750579187775 357217.0 326
1750579433673 347262.0 327
1750579672538 386900.0 328
1750579906586 331918.0 329
1750580437726 314710.0 330
1750580672853 334890.0 331
1750580907008 330683.0 332
1750581143983 343268.0 333
1750581389719 362763.0 334
1750581655932 389216.0 335
1750581897205 363465.0 336
1750582151126 404098.0 337
1750582400200 354826.0 338
1750582654460 402074.0 339
1750583287182 383948.0 340
1750583545854 393261.0 341
1750583820405 443020.0 342
1750584086648 428307.0 343
1750584354456 458170.0 344
1750584624306 450016.0 345
1750584881629 419076.0 346
1750585136212 364936.0 347
1750585383584 366861.0 348
1750585633146 363074.0 349
1750586274948 371301.0 350
1750586529890 355751.0 351
1750586789633 431426.0 352
1750587046206 408731.0 353
1750587294912 383523.0 354
1750587560299 422104.0 355
1750587831560 413621.0 356
1750588108048 437979.0 357
1750588384769 439407.0 358
1750588652810 415175.0 359
1750589306668 425637.0 360
1750589578132 442886.0 361
1750589866094 484435.0 362
1750590140044 508661.0 363
1750590410062 453929.0 364
1750590675051 426884.0 365
