1750481586734 176778.5 1
1750481724146 177357.125 2
1750481832814 175568.5 3
1750482016497 178725.375 4
1750482201301 175595.75 5
1750482380803 178536.375 6
1750482564390 176311.375 7
1750482745714 173830.5 8
1750482894864 180576.375 9
1750483320027 177295.25 10
1750483507848 188489.625 11
1750483697444 184828.0 12
1750483881875 184463.5 13
1750484072225 189227.5 14
1750484237673 183214.0 15
1750484426285 194778.625 16
1750484617699 186979.25 17
1750484810366 193287.875 18
1750485006758 194459.0 19
1750485461323 191599.375 20
1750485658690 196544.625 21
1750485856395 197090.375 22
1750486055923 200968.875 23
1750486255075 202891.875 24
1750486464304 211810.0 25
1750486670834 214551.75 26
1750486877955 223603.125 27
1750487090325 233885.75 28
1750487299022 225309.75 29
1750487900539 235018.25 30
1750488112613 231800.375 31
1750488331135 233709.75 32
1750488552314 244009.75 33
1750488763423 234369.5 34
1750488983091 236204.0 35
1750489201265 234835.5 36
1750489424197 239786.75 37
1750489639204 233344.5 38
1750489851844 232442.625 39
1750490401099 217713.625 40
1750490616254 228917.625 41
1750491049354 238613.375 42
1750491260613 224466.625 43
1750491474715 231017.5 44
1750491688598 232203.375 45
1750491903750 234949.875 46
1750492121865 241019.625 47
1750492345436 230793.625 48
1750492561225 234841.0 49
1750493146016 247034.125 50
1750493361671 237683.75 51
1750493578289 231299.625 52
1750493797259 246445.25 53
1750494011398 236499.5 54
1750494226708 235480.875 55
1750494443621 236414.5 56
1750494660401 246869.625 57
1750494883387 249228.875 58
1750495097515 237973.0 59
1750495625100 252740.0 60
1750495844165 246316.625 61
1750496077414 231156.125 62
1750496299699 245698.5 63
1750496513078 229125.0 64
1750496729600 242997.0 65
1750496948033 250358.125 66
1750497168813 249021.0 67
1750497387373 246220.375 68
1750497607822 245730.375 69
1750498117766 250806.625 70
1750498337646 255459.75 71
1750498561268 261906.125 72
1750498786743 246048.25 73
1750499003660 234546.125 74
1750499222479 248518.0 75
1750499451830 265133.875 76
1750499677281 258778.125 77
1750499896776 248501.75 78
1750500123128 258721.25 79
1750500701062 252375.5 80
1750500928911 264884.0 81
1750501153788 264301.375 82
1750501385461 272658.125 83
1750501616857 268511.0 84
1750501838041 269646.875 85
1750502063543 267896.0 86
1750502292394 268413.0 87
1750502520623 281328.625 88
1750502748231 274654.25 89
1750503369073 304254.75 90
1750503605433 296556.625 91
1750503844836 291481.25 92
1750504077800 285762.375 93
1750504320174 309288.875 94
1750504556423 293521.875 95
1750504786139 276837.875 96
1750505024333 279702.5 97
1750505260664 280953.25 98
1750505494707 281676.625 99
1750506066426 295706.375 100
1750506297986 292901.0 101
1750506542699 305740.0 102
1750506781651 295865.75 103
1750507043667 284430.5 104
1750507287503 300288.125 105
1750507525749 296210.75 106
1750507772569 301925.25 107
1750508018680 319841.625 108
1750508265530 318177.0 109
1750508828561 298508.75 110
1750509077573 340774.625 111
1750509321631 321135.0 112
1750509573962 344011.625 113
1750509825399 345879.0 114
1750510084926 369859.875 115
1750510359439 377230.375 116
1750510634817 405808.75 117
1750510912646 417581.0 118
1750511213840 473241.125 119
1750512203481 496534.0 120
1750512516319 513769.875 121
1750512830077 494461.125 122
1750513143484 482978.625 123
1750513442925 461811.875 124
1750513741978 458413.875 125
1750514046624 468545.0 126
1750514364120 493778.875 127
1750514695407 558005.125 128
1750515080354 617212.25 129
1750516315499 615694.5 130
1750516694296 623482.875 131
1750517095134 629769.875 132
1750517461997 613847.75 133
1750517848025 602629.75 134
1750518213838 590986.75 135
1750518565175 563487.625 136
1750518917750 566753.5 137
1750519279625 547372.5 138
1750519598684 518995.625 139
1750520648721 540334.875 140
1750520982281 528115.5 141
1750521336895 570656.625 142
1750521679480 549300.125 143
1750522038555 554729.25 144
1750522374845 548191.75 145
1750522705318 542281.5 146
1750523030847 515393.5 147
1750523374472 533596.875 148
1750523694320 510211.75 149
1750524719759 527512.0 150
1750525032970 513616.0 151
1750525354946 510244.375 152
1750525677414 518621.125 153
1750525997372 523743.75 154
1750526323544 531293.0 155
1750526653863 535142.625 156
1750526979770 515150.0 157
1750527311525 528041.125 158
1750527630532 508363.125 159
1750528511966 481484.25 160
1750528827885 503654.875 161
1750529146063 493211.75 162
1750529457979 491537.0 163
1750529771115 480456.375 164
1750530078631 471513.625 165
1750530382115 473199.0 166
1750530691782 482910.25 167
1750530989560 456060.125 168
1750531278705 442960.25 169
1750532008171 429816.375 170
1750532288290 414757.75 171
1750532565634 414383.125 172
1750532861050 439843.25 173
1750533154806 451015.5 174
1750533441192 407670.75 175
1750533726194 405760.5 176
1750533997909 373575.375 177
1750534268259 394353.125 178
1750534552013 424858.0 179
1750535251430 394853.875 180
1750535531196 399792.875 181
1750535811969 407762.75 182
1750536091438 390038.25 183
1750536367799 401660.5 184
1750536672831 408392.0 185
1750536955205 407742.0 186
1750537247089 415246.25 187
1750537548642 431115.875 188
1750537862422 460769.125 189
1750538654810 453613.75 190
1750538954617 447138.375 191
1750539258386 453930.625 192
1750539547146 421238.375 193
1750539842737 416143.75 194
1750540128683 425499.375 195
1750540405826 404385.625 196
1750540692466 410105.125 197
1750540973180 400330.125 198
1750541270685 418188.0 199
1750541989864 415570.375 200
1750542267873 406181.125 201
1750542548953 420126.375 202
1750542832769 397551.875 203
1750543104263 381562.375 204
1750543385257 395051.25 205
1750543651429 367288.5 206
1750543937350 409658.125 207
1750544206476 383612.0 208
1750544483514 396074.625 209
1750545129814 415105.75 210
1750545408626 412187.125 211
1750545682279 395545.75 212
1750545954874 390772.75 213
1750546230031 387472.25 214
1750546508009 378763.125 215
1750546777855 387435.375 216
1750547058762 395570.125 217
1750547317700 371424.5 218
1750547595676 402985.125 219
1750548245774 352056.625 220
1750548514137 369038.0 221
1750548767764 360246.0 222
1750549030480 359929.25 223
1750549284716 350635.75 224
1750549536555 345226.375 225
1750549789196 349934.25 226
1750550054297 356740.125 227
1750550305629 350830.5 228
1750550574349 385363.25 229
1750551257471 385226.25 230
1750551524919 378182.25 231
1750551790166 365046.875 232
1750552059496 401733.375 233
1750552333649 397047.0 234
1750552590382 351741.125 235
1750552847177 366298.25 236
1750553114323 386466.0 237
1750553372220 368920.25 238
1750553641163 378567.0 239
1750554272843 377963.75 240
1750554532658 366931.875 241
1750554807212 398019.125 242
1750555070866 376135.625 243
1750555348177 398505.5 244
1750555619029 403823.125 245
1750555912096 428236.25 246
1750556201548 406818.375 247
1750556465995 391586.5 248
1750556780891 429136.125 249
1750557434440 400939.0 250
1750557703331 372872.5 251
1750557977141 412200.25 252
1750558270312 410491.0 253
1750558538189 379737.625 254
1750558818213 404516.0 255
1750559082238 370976.0 256
1750559346839 375602.375 257
1750559607780 366331.125 258
1750559884350 367086.0 259
1750560510267 342875.625 260
1750560772825 338901.375 261
1750561042523 368650.625 262
1750561299174 345743.75 263
1750561558060 335945.875 264
1750561813783 358315.375 265
1750562080828 368659.5 266
1750562357766 375193.75 267
1750562618644 363034.75 268
1750562877322 362557.125 269
1750563572426 418469.875 270
1750563846289 389554.625 271
1750564111453 369692.625 272
1750564385175 383722.75 273
1750564653742 362269.75 274
1750564938901 374647.75 275
1750565205499 381560.875 276
1750565465980 364503.875 277
1750565726126 352593.125 278
1750565984939 364231.125 279
1750566634927 369464.875 280
1750566897081 363462.625 281
1750567156743 344784.5 282
1750567416131 346241.75 283
1750567666229 334847.5 284
1750567916494 321738.25 285
1750568163374 327357.5 286
1750568419893 330127.625 287
1750568668858 328955.5 288
1750568917138 326866.625 289
1750569517460 325388.25 290
1750569774871 330989.5 291
1750570017665 308707.0 292
1750570255484 292149.625 293
1750570499592 306937.5 294
1750570743114 318755.25 295
1750570978414 310426.75 296
1750571217660 302701.25 297
1750571446322 288745.0 298
1750571678782 297585.5 299
1750572286226 307199.125 300
1750572519633 295648.125 301
1750572752237 299250.125 302
1750572991831 315671.5 303
1750573234036 299062.25 304
1750573474743 313580.125 305
1750573721816 344144.125 306
1750573973234 335925.625 307
1750574214107 303932.25 308
1750574457892 321196.0 309
1750575028311 330489.75 310
1750575289526 312655.5 311
1750575532092 316295.375 312
1750575773233 305604.25 313
1750576005294 293475.375 314
1750576241584 295475.875 315
1750576483151 310238.75 316
1750576723255 306947.875 317
1750576965245 314945.0 318
1750577200702 294515.875 319
1750577743413 297390.375 320
1750577986432 323035.375 321
1750578221438 294932.0 322
1750578460447 309176.0 323
1750578717224 298349.625 324
1750578951944 285010.5 325
1750579187775 309128.375 326
1750579433673 309031.125 327
1750579672538 310461.375 328
1750579906586 303894.375 329
1750580437726 283204.0 330
1750580672853 283011.5 331
1750580907008 293532.125 332
1750581143983 297032.625 333
1750581389719 317365.625 334
1750581655932 319780.0 335
1750581897205 308686.125 336
1750582151126 342460.25 337
1750582400200 334239.125 338
1750582654460 334489.375 339
1750583287182 328957.75 340
1750583545854 347202.75 341
1750583820405 393872.0 342
1750584086648 380167.625 343
1750584354456 386037.625 344
1750584624306 372113.0 345
1750584881629 332839.375 346
1750585136212 332317.75 347
1750585383584 334267.5 348
1750585633146 338183.0 349
1750586274948 309975.125 350
1750586529890 332613.75 351
1750586789633 355411.375 352
1750587046206 348747.0 353
1750587294912 332755.625 354
1750587560299 371580.75 355
1750587831560 371609.0 356
1750588108048 399965.0 357
1750588384769 404379.75 358
1750588652810 377894.625 359
1750589306668 377312.125 360
1750589578132 387654.25 361
1750589866094 447634.25 362
1750590140044 402398.625 363
1750590410062 388904.0 364
1750590675051 377263.125 365
