1750481586734 165326.0 1
1750481724146 164978.0 2
1750481832814 163155.0 3
1750482016497 165136.0 4
1750482201301 154230.0 5
1750482380803 166294.0 6
1750482564390 155331.0 7
1750482745714 155576.0 8
1750482894864 172198.0 9
1750483320027 158777.0 10
1750483507848 172965.0 11
1750483697444 161352.0 12
1750483881875 169011.0 13
1750484072225 161705.0 14
1750484237673 161415.0 15
1750484426285 185565.0 16
1750484617699 157072.0 17
1750484810366 183219.0 18
1750485006758 169959.0 19
1750485461323 179632.0 20
1750485658690 166281.0 21
1750485856395 177331.0 22
1750486055923 190364.0 23
1750486255075 196287.0 24
1750486464304 192090.0 25
1750486670834 184696.0 26
1750486877955 201868.0 27
1750487090325 198301.0 28
1750487299022 200378.0 29
1750487900539 212245.0 30
1750488112613 207164.0 31
1750488331135 211964.0 32
1750488552314 220372.0 33
1750488763423 211400.0 34
1750488983091 205658.0 35
1750489201265 214695.0 36
1750489424197 208009.0 37
1750489639204 191730.0 38
1750489851844 210660.0 39
1750490401099 209843.0 40
1750490616254 184698.0 41
1750491049354 201191.0 42
1750491260613 199734.0 43
1750491474715 207717.0 44
1750491688598 212251.0 45
1750491903750 207094.0 46
1750492121865 200990.0 47
1750492345436 218087.0 48
1750492561225 209931.0 49
1750493146016 210435.0 50
1750493361671 223147.0 51
1750493578289 211761.0 52
1750493797259 213082.0 53
1750494011398 214287.0 54
1750494226708 217960.0 55
1750494443621 218530.0 56
1750494660401 216972.0 57
1750494883387 218582.0 58
1750495097515 213014.0 59
1750495625100 197089.0 60
1750495844165 231091.0 61
1750496077414 192559.0 62
1750496299699 209843.0 63
1750496513078 193272.0 64
1750496729600 221461.0 65
1750496948033 215315.0 66
1750497168813 226423.0 67
1750497387373 208862.0 68
1750497607822 205679.0 69
1750498117766 232489.0 70
1750498337646 227916.0 71
1750498561268 237454.0 72
1750498786743 230553.0 73
1750499003660 182119.0 74
1750499222479 220100.0 75
1750499451830 232313.0 76
1750499677281 243595.0 77
1750499896776 215755.0 78
1750500123128 225248.0 79
1750500701062 194118.0 80
1750500928911 252111.0 81
1750501153788 236892.0 82
1750501385461 230217.0 83
1750501616857 254408.0 84
1750501838041 245595.0 85
1750502063543 245544.0 86
1750502292394 233217.0 87
1750502520623 248745.0 88
1750502748231 249294.0 89
1750503369073 257840.0 90
1750503605433 260595.0 91
1750503844836 247919.0 92
1750504077800 229942.0 93
1750504320174 247315.0 94
1750504556423 259126.0 95
1750504786139 232571.0 96
1750505024333 265298.0 97
1750505260664 227431.0 98
1750505494707 251900.0 99
1750506066426 259280.0 100
1750506297986 265576.0 101
1750506542699 260013.0 102
1750506781651 230104.0 103
1750507043667 224390.0 104
1750507287503 228017.0 105
1750507525749 238482.0 106
1750507772569 252038.0 107
1750508018680 291847.0 108
1750508265530 268128.0 109
1750508828561 245426.0 110
1750509077573 304723.0 111
1750509321631 289093.0 112
1750509573962 305719.0 113
1750509825399 320646.0 114
1750510084926 329364.0 115
1750510359439 309239.0 116
1750510634817 353844.0 117
1750510912646 393243.0 118
1750511213840 405625.0 119
1750512203481 452932.0 120
1750512516319 453170.0 121
1750512830077 436906.0 122
1750513143484 443791.0 123
1750513442925 367367.0 124
1750513741978 406491.0 125
1750514046624 401040.0 126
1750514364120 413452.0 127
1750514695407 531150.0 128
1750515080354 543149.0 129
1750516315499 537951.0 130
1750516694296 552578.0 131
1750517095134 542794.0 132
1750517461997 565300.0 133
1750517848025 533000.0 134
1750518213838 548861.0 135
1750518565175 498922.0 136
1750518917750 502065.0 137
1750519279625 509093.0 138
1750519598684 489322.0 139
1750520648721 484584.0 140
1750520982281 495817.0 141
1750521336895 502578.0 142
1750521679480 453969.0 143
1750522038555 466341.0 144
1750522374845 494326.0 145
1750522705318 503631.0 146
1750523030847 471163.0 147
1750523374472 479237.0 148
1750523694320 453005.0 149
1750524719759 494703.0 150
1750525032970 441907.0 151
1750525354946 458627.0 152
1750525677414 453099.0 153
1750525997372 483791.0 154
1750526323544 466528.0 155
1750526653863 465026.0 156
1750526979770 476172.0 157
1750527311525 475466.0 158
1750527630532 489573.0 159
1750528511966 447419.0 160
1750528827885 484472.0 161
1750529146063 435177.0 162
1750529457979 454992.0 163
1750529771115 436739.0 164
1750530078631 432967.0 165
1750530382115 416493.0 166
1750530691782 404094.0 167
1750530989560 414363.0 168
1750531278705 390942.0 169
1750532008171 381934.0 170
1750532288290 378073.0 171
1750532565634 374218.0 172
1750532861050 399056.0 173
1750533154806 384964.0 174
1750533441192 364448.0 175
1750533726194 335373.0 176
1750533997909 327187.0 177
1750534268259 332851.0 178
1750534552013 393488.0 179
1750535251430 349907.0 180
1750535531196 346077.0 181
1750535811969 369824.0 182
1750536091438 329345.0 183
1750536367799 335039.0 184
1750536672831 368587.0 185
1750536955205 351422.0 186
1750537247089 354534.0 187
1750537548642 338252.0 188
1750537862422 419012.0 189
1750538654810 389124.0 190
1750538954617 363704.0 191
1750539258386 421920.0 192
1750539547146 395750.0 193
1750539842737 321683.0 194
1750540128683 376297.0 195
1750540405826 342868.0 196
1750540692466 324633.0 197
1750540973180 338426.0 198
1750541270685 364211.0 199
1750541989864 368545.0 200
1750542267873 344432.0 201
1750542548953 356709.0 202
1750542832769 337133.0 203
1750543104263 335791.0 204
1750543385257 330756.0 205
1750543651429 329017.0 206
1750543937350 337239.0 207
1750544206476 332957.0 208
1750544483514 332630.0 209
1750545129814 354506.0 210
1750545408626 368808.0 211
1750545682279 333259.0 212
1750545954874 354145.0 213
1750546230031 354592.0 214
1750546508009 337714.0 215
1750546777855 367608.0 216
1750547058762 337954.0 217
1750547317700 332919.0 218
1750547595676 314699.0 219
1750548245774 315083.0 220
1750548514137 323519.0 221
1750548767764 317991.0 222
1750549030480 318347.0 223
1750549284716 308212.0 224
1750549536555 290342.0 225
1750549789196 300617.0 226
1750550054297 337756.0 227
1750550305629 285716.0 228
1750550574349 319952.0 229
1750551257471 311744.0 230
1750551524919 322491.0 231
1750551790166 326146.0 232
1750552059496 382615.0 233
1750552333649 362519.0 234
1750552590382 310281.0 235
1750552847177 308188.0 236
1750553114323 361107.0 237
1750553372220 318790.0 238
1750553641163 270119.0 239
1750554272843 344102.0 240
1750554532658 353136.0 241
1750554807212 349298.0 242
1750555070866 327717.0 243
1750555348177 344619.0 244
1750555619029 369405.0 245
1750555912096 376812.0 246
1750556201548 358725.0 247
1750556465995 335439.0 248
1750556780891 363040.0 249
1750557434440 354776.0 250
1750557703331 309425.0 251
1750557977141 340610.0 252
1750558270312 331417.0 253
1750558538189 338876.0 254
1750558818213 352535.0 255
1750559082238 303015.0 256
1750559346839 303713.0 257
1750559607780 331407.0 258
1750559884350 299854.0 259
1750560510267 309181.0 260
1750560772825 276647.0 261
1750561042523 336759.0 262
1750561299174 322764.0 263
1750561558060 271475.0 264
1750561813783 282698.0 265
1750562080828 314799.0 266
1750562357766 312021.0 267
1750562618644 293536.0 268
1750562877322 335261.0 269
1750563572426 337426.0 270
1750563846289 332365.0 271
1750564111453 326910.0 272
1750564385175 342556.0 273
1750564653742 306359.0 274
1750564938901 333820.0 275
1750565205499 344905.0 276
1750565465980 303822.0 277
1750565726126 291701.0 278
1750565984939 325246.0 279
1750566634927 315682.0 280
1750566897081 320031.0 281
1750567156743 289864.0 282
1750567416131 280072.0 283
1750567666229 308840.0 284
1750567916494 290779.0 285
1750568163374 282056.0 286
1750568419893 314993.0 287
1750568668858 276826.0 288
1750568917138 264430.0 289
1750569517460 295712.0 290
1750569774871 290017.0 291
1750570017665 265787.0 292
1750570255484 258830.0 293
1750570499592 283900.0 294
1750570743114 290124.0 295
1750570978414 279578.0 296
1750571217660 276572.0 297
1750571446322 242995.0 298
1750571678782 236393.0 299
1750572286226 274596.0 300
1750572519633 260235.0 301
1750572752237 258088.0 302
1750572991831 303297.0 303
1750573234036 256628.0 304
1750573474743 254158.0 305
1750573721816 323328.0 306
1750573973234 254200.0 307
1750574214107 263451.0 308
1750574457892 291621.0 309
1750575028311 285015.0 310
1750575289526 267359.0 311
1750575532092 262510.0 312
1750575773233 265609.0 313
1750576005294 257104.0 314
1750576241584 243902.0 315
1750576483151 287085.0 316
1750576723255 273908.0 317
1750576965245 284433.0 318
1750577200702 250102.0 319
1750577743413 267376.0 320
1750577986432 278456.0 321
1750578221438 243782.0 322
1750578460447 257940.0 323
1750578717224 266321.0 324
1750578951944 249720.0 325
1750579187775 277768.0 326
1750579433673 275944.0 327
1750579672538 277237.0 328
1750579906586 270284.0 329
1750580437726 241214.0 330
1750580672853 209099.0 331
1750580907008 249451.0 332
1750581143983 252240.0 333
1750581389719 259620.0 334
1750581655932 265959.0 335
1750581897205 269914.0 336
1750582151126 285717.0 337
1750582400200 303450.0 338
1750582654460 293490.0 339
1750583287182 240403.0 340
1750583545854 298650.0 341
1750583820405 325173.0 342
1750584086648 337621.0 343
1750584354456 335973.0 344
1750584624306 279004.0 345
1750584881629 281275.0 346
1750585136212 244040.0 347
1750585383584 308380.0 348
1750585633146 299203.0 349
1750586274948 270982.0 350
1750586529890 288189.0 351
1750586789633 286690.0 352
1750587046206 321243.0 353
1750587294912 270668.0 354
1750587560299 294852.0 355
1750587831560 300971.0 356
1750588108048 356744.0 357
1750588384769 341595.0 358
1750588652810 314608.0 359
1750589306668 306156.0 360
1750589578132 314817.0 361
1750589866094 409421.0 362
1750590140044 318912.0 363
1750590410062 352565.0 364
1750590675051 333144.0 365
