1750481586734 28089.0 1
1750481724146 30689.0 2
1750481832814 22762.0 3
1750482016497 32481.0 4
1750482201301 33270.0 5
1750482380803 24395.0 6
1750482564390 45071.0 7
1750482745714 51439.0 8
1750482894864 21789.0 9
1750483320027 50309.0 10
1750483507848 36114.0 11
1750483697444 38326.0 12
1750483881875 35602.0 13
1750484072225 41475.0 14
1750484237673 49596.0 15
1750484426285 32568.0 16
1750484617699 51964.0 17
1750484810366 27161.0 18
1750485006758 53605.0 19
1750485461323 21490.0 20
1750485658690 45236.0 21
1750485856395 57235.0 22
1750486055923 27086.0 23
1750486255075 18234.0 24
1750486464304 56798.0 25
1750486670834 52971.0 26
1750486877955 47641.0 27
1750487090325 75514.0 28
1750487299022 38654.0 29
1750487900539 51271.0 30
1750488112613 51502.0 31
1750488331135 57618.0 32
1750488552314 66344.0 33
1750488763423 59100.0 34
1750488983091 54083.0 35
1750489201265 35988.0 36
1750489424197 81669.0 37
1750489639204 81613.0 38
1750489851844 37525.0 39
1750490401099 19732.0 40
1750490616254 80711.0 41
1750491049354 53150.0 42
1750491260613 61636.0 43
1750491474715 34202.0 44
1750491688598 35662.0 45
1750491903750 64153.0 46
1750492121865 73377.0 47
1750492345436 28064.0 48
1750492561225 62025.0 49
1750493146016 68912.0 50
1750493361671 36963.0 51
1750493578289 54398.0 52
1750493797259 66315.0 53
1750494011398 65528.0 54
1750494226708 46203.0 55
1750494443621 56061.0 56
1750494660401 71846.0 57
1750494883387 70892.0 58
1750495097515 45628.0 59
1750495625100 88194.0 60
1750495844165 49052.0 61
1750496077414 66559.0 62
1750496299699 66817.0 63
1750496513078 64605.0 64
1750496729600 32541.0 65
1750496948033 58169.0 66
1750497168813 53242.0 67
1750497387373 73861.0 68
1750497607822 72879.0 69
1750498117766 29590.0 70
1750498337646 69109.0 71
1750498561268 58302.0 72
1750498786743 43325.0 73
1750499003660 83297.0 74
1750499222479 45633.0 75
1750499451830 77637.0 76
1750499677281 45844.0 77
1750499896776 67533.0 78
1750500123128 77586.0 79
1750500701062 98993.0 80
1750500928911 43385.0 81
1750501153788 56611.0 82
1750501385461 99325.0 83
1750501616857 38832.0 84
1750501838041 45765.0 85
1750502063543 51908.0 86
1750502292394 79441.0 87
1750502520623 61354.0 88
1750502748231 48123.0 89
1750503369073 118538.0 90
1750503605433 72276.0 91
1750503844836 75586.0 92
1750504077800 101178.0 93
1750504320174 134510.0 94
1750504556423 57555.0 95
1750504786139 88276.0 96
1750505024333 34336.0 97
1750505260664 70715.0 98
1750505494707 119022.0 99
1750506066426 72908.0 100
1750506297986 54078.0 101
1750506542699 99053.0 102
1750506781651 97719.0 103
1750507043667 110791.0 104
1750507287503 113903.0 105
1750507525749 110902.0 106
1750507772569 77804.0 107
1750508018680 66567.0 108
1750508265530 99080.0 109
1750508828561 116250.0 110
1750509077573 67199.0 111
1750509321631 58291.0 112
1750509573962 66995.0 113
1750509825399 56266.0 114
1750510084926 69641.0 115
1750510359439 112954.0 116
1750510634817 88104.0 117
1750510912646 57915.0 118
1750511213840 115349.0 119
1750512203481 124531.0 120
1750512516319 94298.0 121
1750512830077 117711.0 122
1750513143484 92768.0 123
1750513442925 137869.0 124
1750513741978 130344.0 125
1750514046624 119224.0 126
1750514364120 136938.0 127
1750514695407 49058.0 128
1750515080354 135608.0 129
1750516315499 117605.0 130
1750516694296 122234.0 131
1750517095134 167831.0 132
1750517461997 83313.0 133
1750517848025 119897.0 134
1750518213838 85561.0 135
1750518565175 108282.0 136
1750518917750 128375.0 137
1750519279625 95778.0 138
1750519598684 68752.0 139
1750520648721 98732.0 140
1750520982281 92040.0 141
1750521336895 113186.0 142
1750521679480 148006.0 143
1750522038555 143664.0 144
1750522374845 103410.0 145
1750522705318 77406.0 146
1750523030847 103107.0 147
1750523374472 152108.0 148
1750523694320 111854.0 149
1750524719759 88114.0 150
1750525032970 130092.0 151
1750525354946 99681.0 152
1750525677414 149443.0 153
1750525997372 63736.0 154
1750526323544 138121.0 155
1750526653863 114556.0 156
1750526979770 102650.0 157
1750527311525 95827.0 158
1750527630532 53431.0 159
1750528511966 58136.0 160
1750528827885 56879.0 161
1750529146063 110022.0 162
1750529457979 81452.0 163
1750529771115 135967.0 164
1750530078631 61809.0 165
1750530382115 95193.0 166
1750530691782 179350.0 167
1750530989560 106713.0 168
1750531278705 107375.0 169
1750532008171 79406.0 170
1750532288290 90140.0 171
1750532565634 82283.0 172
1750532861050 124656.0 173
1750533154806 98181.0 174
1750533441192 103059.0 175
1750533726194 153824.0 176
1750533997909 87982.0 177
1750534268259 95040.0 178
1750534552013 72337.0 179
1750535251430 91841.0 180
1750535531196 123927.0 181
1750535811969 110056.0 182
1750536091438 101293.0 183
1750536367799 121644.0 184
1750536672831 89896.0 185
1750536955205 130596.0 186
1750537247089 102346.0 187
1750537548642 152039.0 188
1750537862422 161121.0 189
1750538654810 145413.0 190
1750538954617 165064.0 191
1750539258386 86396.0 192
1750539547146 72898.0 193
1750539842737 165709.0 194
1750540128683 125570.0 195
1750540405826 104077.0 196
1750540692466 145731.0 197
1750540973180 125131.0 198
1750541270685 109049.0 199
1750541989864 111128.0 200
1750542267873 99265.0 201
1750542548953 117610.0 202
1750542832769 84588.0 203
1750543104263 128164.0 204
1750543385257 123562.0 205
1750543651429 91032.0 206
1750543937350 123237.0 207
1750544206476 97741.0 208
1750544483514 126693.0 209
1750545129814 144044.0 210
1750545408626 114082.0 211
1750545682279 118014.0 212
1750545954874 85118.0 213
1750546230031 91984.0 214
1750546508009 117830.0 215
1750546777855 44402.0 216
1750547058762 121480.0 217
1750547317700 99644.0 218
1750547595676 132625.0 219
1750548245774 68204.0 220
1750548514137 78985.0 221
1750548767764 72650.0 222
1750549030480 64773.0 223
1750549284716 71686.0 224
1750549536555 93803.0 225
1750549789196 76986.0 226
1750550054297 51625.0 227
1750550305629 96999.0 228
1750550574349 109130.0 229
1750551257471 128898.0 230
1750551524919 95474.0 231
1750551790166 77078.0 232
1750552059496 31652.0 233
1750552333649 57458.0 234
1750552590382 90133.0 235
1750552847177 98305.0 236
1750553114323 57502.0 237
1750553372220 110305.0 238
1750553641163 181482.0 239
1750554272843 116237.0 240
1750554532658 29166.0 241
1750554807212 108209.0 242
1750555070866 82349.0 243
1750555348177 125474.0 244
1750555619029 75647.0 245
1750555912096 110854.0 246
1750556201548 100389.0 247
1750556465995 132533.0 248
1750556780891 145823.0 249
1750557434440 91974.0 250
1750557703331 136071.0 251
1750557977141 154907.0 252
1750558270312 164158.0 253
1750558538189 106614.0 254
1750558818213 113768.0 255
1750559082238 137333.0 256
1750559346839 133634.0 257
1750559607780 65677.0 258
1750559884350 124667.0 259
1750560510267 60034.0 260
1750560772825 125587.0 261
1750561042523 79700.0 262
1750561299174 60199.0 263
1750561558060 136993.0 264
1750561813783 116025.0 265
1750562080828 137875.0 266
1750562357766 173593.0 267
1750562618644 163932.0 268
1750562877322 48367.0 269
1750563572426 175855.0 270
1750563846289 153218.0 271
1750564111453 105993.0 272
1750564385175 93363.0 273
1750564653742 112627.0 274
1750564938901 114193.0 275
1750565205499 116579.0 276
1750565465980 98456.0 277
1750565726126 119148.0 278
1750565984939 63691.0 279
1750566634927 95860.0 280
1750566897081 92546.0 281
1750567156743 135906.0 282
1750567416131 137972.0 283
1750567666229 85536.0 284
1750567916494 89225.0 285
1750568163374 111949.0 286
1750568419893 38746.0 287
1750568668858 125528.0 288
1750568917138 126790.0 289
1750569517460 49930.0 290
1750569774871 99477.0 291
1750570017665 103175.0 292
1750570255484 76615.0 293
1750570499592 60934.0 294
1750570743114 52009.0 295
1750570978414 70307.0 296
1750571217660 55847.0 297
1750571446322 81565.0 298
1750571678782 89944.0 299
1750572286226 62300.0 300
1750572519633 76910.0 301
1750572752237 70251.0 302
1750572991831 30005.0 303
1750573234036 91330.0 304
1750573474743 127951.0 305
1750573721816 64385.0 306
1750573973234 149427.0 307
1750574214107 121263.0 308
1750574457892 69158.0 309
1750575028311 99971.0 310
1750575289526 82780.0 311
1750575532092 116140.0 312
1750575773233 112970.0 313
1750576005294 64516.0 314
1750576241584 89416.0 315
1750576483151 66767.0 316
1750576723255 88356.0 317
1750576965245 61345.0 318
1750577200702 99301.0 319
1750577743413 52900.0 320
1750577986432 83333.0 321
1750578221438 82366.0 322
1750578460447 105923.0 323
1750578717224 112347.0 324
1750578951944 74651.0 325
1750579187775 79449.0 326
1750579433673 71318.0 327
1750579672538 109663.0 328
1750579906586 61634.0 329
1750580437726 73496.0 330
1750580672853 125791.0 331
1750580907008 81232.0 332
1750581143983 91028.0 333
1750581389719 103143.0 334
1750581655932 123257.0 335
1750581897205 93551.0 336
1750582151126 118381.0 337
1750582400200 51376.0 338
1750582654460 108584.0 339
1750583287182 143545.0 340
1750583545854 94611.0 341
1750583820405 117847.0 342
1750584086648 90686.0 343
1750584354456 122197.0 344
1750584624306 171012.0 345
1750584881629 137801.0 346
1750585136212 120896.0 347
1750585383584 58481.0 348
1750585633146 63871.0 349
1750586274948 100319.0 350
1750586529890 67562.0 351
1750586789633 144736.0 352
1750587046206 87488.0 353
1750587294912 112855.0 354
1750587560299 127252.0 355
1750587831560 112650.0 356
1750588108048 81235.0 357
1750588384769 97812.0 358
1750588652810 100567.0 359
1750589306668 119481.0 360
1750589578132 128069.0 361
1750589866094 75014.0 362
1750590140044 189749.0 363
1750590410062 101364.0 364
1750590675051 93740.0 365
