1750481586734 0.12890625 1
1750481724146 0.125 2
1750481832814 0.1298828125 3
1750482016497 0.126953125 4
1750482201301 0.126953125 5
1750482380803 0.1259765625 6
1750482564390 0.126953125 7
1750482745714 0.1298828125 8
1750482894864 0.12890625 9
1750483320027 0.130859375 10
1750483507848 0.1259765625 11
1750483697444 0.1298828125 12
1750483881875 0.1259765625 13
1750484072225 0.1318359375 14
1750484237673 0.1279296875 15
1750484426285 0.1298828125 16
1750484617699 0.12890625 17
1750484810366 0.140625 18
1750485006758 0.138671875 19
1750485461323 0.14453125 20
1750485658690 0.1513671875 21
1750485856395 0.1416015625 22
1750486055923 0.169921875 23
1750486255075 0.1875 24
1750486464304 0.1904296875 25
1750486670834 0.1962890625 26
1750486877955 0.185546875 27
1750487090325 0.1962890625 28
1750487299022 0.1943359375 29
1750487900539 0.1796875 30
1750488112613 0.20703125 31
1750488331135 0.228515625 32
1750488552314 0.2119140625 33
1750488763423 0.23828125 34
1750488983091 0.2734375 35
1750489201265 0.255859375 36
1750489424197 0.259765625 37
1750489639204 0.2783203125 38
1750489851844 0.28125 39
1750490401099 0.2958984375 40
1750490616254 0.296875 41
1750491049354 0.2607421875 42
1750491260613 0.29296875 43
1750491474715 0.296875 44
1750491688598 0.2744140625 45
1750491903750 0.2587890625 46
1750492121865 0.2587890625 47
1750492345436 0.2939453125 48
1750492561225 0.279296875 49
1750493146016 0.2734375 50
1750493361671 0.2890625 51
1750493578289 0.3046875 52
1750493797259 0.265625 53
1750494011398 0.2822265625 54
1750494226708 0.3046875 55
1750494443621 0.328125 56
1750494660401 0.2724609375 57
1750494883387 0.2880859375 58
1750495097515 0.306640625 59
1750495625100 0.263671875 60
1750495844165 0.265625 61
1750496077414 0.302734375 62
1750496299699 0.2822265625 63
1750496513078 0.298828125 64
1750496729600 0.2734375 65
1750496948033 0.265625 66
1750497168813 0.2783203125 67
1750497387373 0.3046875 68
1750497607822 0.3017578125 69
1750498117766 0.2744140625 70
1750498337646 0.2890625 71
1750498561268 0.2998046875 72
1750498786743 0.283203125 73
1750499003660 0.326171875 74
1750499222479 0.2607421875 75
1750499451830 0.2919921875 76
1750499677281 0.259765625 77
1750499896776 0.3271484375 78
1750500123128 0.294921875 79
1750500701062 0.30078125 80
1750500928911 0.2900390625 81
1750501153788 0.30078125 82
1750501385461 0.2998046875 83
1750501616857 0.3046875 84
1750501838041 0.306640625 85
1750502063543 0.318359375 86
1750502292394 0.326171875 87
1750502520623 0.3427734375 88
1750502748231 0.3125 89
1750503369073 0.3037109375 90
1750503605433 0.3095703125 91
1750503844836 0.30078125 92
1750504077800 0.3212890625 93
1750504320174 0.33203125 94
1750504556423 0.2763671875 95
1750504786139 0.3486328125 96
1750505024333 0.30078125 97
1750505260664 0.2998046875 98
1750505494707 0.3203125 99
1750506066426 0.31640625 100
1750506297986 0.3330078125 101
1750506542699 0.2919921875 102
1750506781651 0.294921875 103
1750507043667 0.326171875 104
1750507287503 0.326171875 105
1750507525749 0.345703125 106
1750507772569 0.3623046875 107
1750508018680 0.3310546875 108
1750508265530 0.3349609375 109
1750508828561 0.3291015625 110
1750509077573 0.3125 111
1750509321631 0.3271484375 112
1750509573962 0.3291015625 113
1750509825399 0.328125 114
1750510084926 0.3046875 115
1750510359439 0.33203125 116
1750510634817 0.3642578125 117
1750510912646 0.365234375 118
1750511213840 0.3349609375 119
1750512203481 0.353515625 120
1750512516319 0.29296875 121
1750512830077 0.3203125 122
1750513143484 0.306640625 123
1750513442925 0.314453125 124
1750513741978 0.3505859375 125
1750514046624 0.32421875 126
1750514364120 0.349609375 127
1750514695407 0.267578125 128
1750515080354 0.267578125 129
1750516315499 0.2548828125 130
1750516694296 0.228515625 131
1750517095134 0.2529296875 132
1750517461997 0.2431640625 133
1750517848025 0.25390625 134
1750518213838 0.2919921875 135
1750518565175 0.2900390625 136
1750518917750 0.26171875 137
1750519279625 0.24609375 138
1750519598684 0.283203125 139
1750520648721 0.26171875 140
1750520982281 0.3017578125 141
1750521336895 0.2578125 142
1750521679480 0.298828125 143
1750522038555 0.2802734375 144
1750522374845 0.2998046875 145
1750522705318 0.2734375 146
1750523030847 0.3134765625 147
1750523374472 0.3076171875 148
1750523694320 0.27734375 149
1750524719759 0.2724609375 150
1750525032970 0.3095703125 151
1750525354946 0.283203125 152
1750525677414 0.3017578125 153
1750525997372 0.2724609375 154
1750526323544 0.3095703125 155
1750526653863 0.296875 156
1750526979770 0.2890625 157
1750527311525 0.3173828125 158
1750527630532 0.3173828125 159
1750528511966 0.306640625 160
1750528827885 0.2734375 161
1750529146063 0.2919921875 162
1750529457979 0.3037109375 163
1750529771115 0.2919921875 164
1750530078631 0.26953125 165
1750530382115 0.3095703125 166
1750530691782 0.3125 167
1750530989560 0.29296875 168
1750531278705 0.30078125 169
1750532008171 0.326171875 170
1750532288290 0.3212890625 171
1750532565634 0.3203125 172
1750532861050 0.2880859375 173
1750533154806 0.2919921875 174
1750533441192 0.310546875 175
1750533726194 0.333984375 176
1750533997909 0.341796875 177
1750534268259 0.3310546875 178
1750534552013 0.2734375 179
1750535251430 0.3271484375 180
1750535531196 0.3076171875 181
1750535811969 0.2978515625 182
1750536091438 0.3271484375 183
1750536367799 0.318359375 184
1750536672831 0.283203125 185
1750536955205 0.3193359375 186
1750537247089 0.29296875 187
1750537548642 0.3212890625 188
1750537862422 0.318359375 189
1750538654810 0.326171875 190
1750538954617 0.328125 191
1750539258386 0.337890625 192
1750539547146 0.3212890625 193
1750539842737 0.3466796875 194
1750540128683 0.3125 195
1750540405826 0.30859375 196
1750540692466 0.3203125 197
1750540973180 0.306640625 198
1750541270685 0.306640625 199
1750541989864 0.2978515625 200
1750542267873 0.3046875 201
1750542548953 0.3232421875 202
1750542832769 0.28515625 203
1750543104263 0.3505859375 204
1750543385257 0.32421875 205
1750543651429 0.3447265625 206
1750543937350 0.3095703125 207
1750544206476 0.330078125 208
1750544483514 0.3544921875 209
1750545129814 0.3076171875 210
1750545408626 0.296875 211
1750545682279 0.3427734375 212
1750545954874 0.30078125 213
1750546230031 0.35546875 214
1750546508009 0.3203125 215
1750546777855 0.3154296875 216
1750547058762 0.3310546875 217
1750547317700 0.326171875 218
1750547595676 0.328125 219
1750548245774 0.3291015625 220
1750548514137 0.3369140625 221
1750548767764 0.3955078125 222
1750549030480 0.349609375 223
1750549284716 0.3681640625 224
1750549536555 0.3505859375 225
1750549789196 0.3544921875 226
1750550054297 0.3359375 227
1750550305629 0.35546875 228
1750550574349 0.35546875 229
1750551257471 0.3330078125 230
1750551524919 0.3642578125 231
1750551790166 0.33203125 232
1750552059496 0.3037109375 233
1750552333649 0.28515625 234
1750552590382 0.33203125 235
1750552847177 0.2900390625 236
1750553114323 0.3134765625 237
1750553372220 0.3154296875 238
1750553641163 0.3095703125 239
1750554272843 0.33203125 240
1750554532658 0.33984375 241
1750554807212 0.3408203125 242
1750555070866 0.30078125 243
1750555348177 0.314453125 244
1750555619029 0.3037109375 245
1750555912096 0.33984375 246
1750556201548 0.3076171875 247
1750556465995 0.3291015625 248
1750556780891 0.2861328125 249
1750557434440 0.3359375 250
1750557703331 0.326171875 251
1750557977141 0.3583984375 252
1750558270312 0.29296875 253
1750558538189 0.3505859375 254
1750558818213 0.318359375 255
1750559082238 0.3271484375 256
1750559346839 0.3173828125 257
1750559607780 0.3125 258
1750559884350 0.3251953125 259
1750560510267 0.3154296875 260
1750560772825 0.3193359375 261
1750561042523 0.2763671875 262
1750561299174 0.3291015625 263
1750561558060 0.4091796875 264
1750561813783 0.3515625 265
1750562080828 0.3369140625 266
1750562357766 0.33203125 267
1750562618644 0.39453125 268
1750562877322 0.34765625 269
1750563572426 0.31640625 270
1750563846289 0.326171875 271
1750564111453 0.3408203125 272
1750564385175 0.302734375 273
1750564653742 0.3466796875 274
1750564938901 0.322265625 275
1750565205499 0.341796875 276
1750565465980 0.326171875 277
1750565726126 0.37109375 278
1750565984939 0.2978515625 279
1750566634927 0.3095703125 280
1750566897081 0.333984375 281
1750567156743 0.3232421875 282
1750567416131 0.333984375 283
1750567666229 0.341796875 284
1750567916494 0.3515625 285
1750568163374 0.3056640625 286
1750568419893 0.3212890625 287
1750568668858 0.326171875 288
1750568917138 0.3359375 289
1750569517460 0.34375 290
1750569774871 0.2890625 291
1750570017665 0.33203125 292
1750570255484 0.4013671875 293
1750570499592 0.328125 294
1750570743114 0.3056640625 295
1750570978414 0.3251953125 296
1750571217660 0.3759765625 297
1750571446322 0.3759765625 298
1750571678782 0.3837890625 299
1750572286226 0.3359375 300
1750572519633 0.337890625 301
1750572752237 0.3369140625 302
1750572991831 0.3466796875 303
1750573234036 0.3623046875 304
1750573474743 0.3662109375 305
1750573721816 0.3173828125 306
1750573973234 0.333984375 307
1750574214107 0.3603515625 308
1750574457892 0.3310546875 309
1750575028311 0.322265625 310
1750575289526 0.345703125 311
1750575532092 0.296875 312
1750575773233 0.3310546875 313
1750576005294 0.3076171875 314
1750576241584 0.34375 315
1750576483151 0.333984375 316
1750576723255 0.3447265625 317
1750576965245 0.2998046875 318
1750577200702 0.3486328125 319
1750577743413 0.3740234375 320
1750577986432 0.32421875 321
1750578221438 0.3193359375 322
1750578460447 0.3505859375 323
1750578717224 0.287109375 324
1750578951944 0.3623046875 325
1750579187775 0.345703125 326
1750579433673 0.3173828125 327
1750579672538 0.2978515625 328
1750579906586 0.3154296875 329
1750580437726 0.3447265625 330
1750580672853 0.3837890625 331
1750580907008 0.37890625 332
1750581143983 0.337890625 333
1750581389719 0.337890625 334
1750581655932 0.3828125 335
1750581897205 0.380859375 336
1750582151126 0.359375 337
1750582400200 0.3349609375 338
1750582654460 0.3740234375 339
1750583287182 0.404296875 340
1750583545854 0.36328125 341
1750583820405 0.3603515625 342
1750584086648 0.3486328125 343
1750584354456 0.341796875 344
1750584624306 0.328125 345
1750584881629 0.38671875 346
1750585136212 0.3603515625 347
1750585383584 0.3291015625 348
1750585633146 0.3974609375 349
1750586274948 0.3828125 350
1750586529890 0.3544921875 351
1750586789633 0.353515625 352
1750587046206 0.34765625 353
1750587294912 0.3662109375 354
1750587560299 0.3447265625 355
1750587831560 0.3740234375 356
1750588108048 0.3251953125 357
1750588384769 0.333984375 358
1750588652810 0.3779296875 359
1750589306668 0.353515625 360
1750589578132 0.3623046875 361
1750589866094 0.32421875 362
1750590140044 0.326171875 363
1750590410062 0.4013671875 364
1750590675051 0.36328125 365
