1750481586734 0.125 1
1750481724146 0.125 2
1750481832814 0.125 3
1750482016497 0.125 4
1750482201301 0.125 5
1750482380803 0.125 6
1750482564390 0.125 7
1750482745714 0.125 8
1750482894864 0.125 9
1750483320027 0.125 10
1750483507848 0.125 11
1750483697444 0.125 12
1750483881875 0.125 13
1750484072225 0.125 14
1750484237673 0.125 15
1750484426285 0.125 16
1750484617699 0.125 17
1750484810366 0.125 18
1750485006758 0.125 19
1750485461323 0.125 20
1750485658690 0.125 21
1750485856395 0.125 22
1750486055923 0.125 23
1750486255075 0.125 24
1750486464304 0.125 25
1750486670834 0.125 26
1750486877955 0.125 27
1750487090325 0.125 28
1750487299022 0.125 29
1750487900539 0.125 30
1750488112613 0.125 31
1750488331135 0.125 32
1750488552314 0.125 33
1750488763423 0.125 34
1750488983091 0.125 35
1750489201265 0.125 36
1750489424197 0.125 37
1750489639204 0.125 38
1750489851844 0.125 39
1750490401099 0.125 40
1750490616254 0.125 41
1750491049354 0.125 42
1750491260613 0.125 43
1750491474715 0.125 44
1750491688598 0.125 45
1750491903750 0.125 46
1750492121865 0.125 47
1750492345436 0.125 48
1750492561225 0.125 49
1750493146016 0.125 50
1750493361671 0.125 51
1750493578289 0.125 52
1750493797259 0.125 53
1750494011398 0.125 54
1750494226708 0.125 55
1750494443621 0.125 56
1750494660401 0.125 57
1750494883387 0.125 58
1750495097515 0.125 59
1750495625100 0.125 60
1750495844165 0.125 61
1750496077414 0.125 62
1750496299699 0.125 63
1750496513078 0.125 64
1750496729600 0.125 65
1750496948033 0.125 66
1750497168813 0.125 67
1750497387373 0.125 68
1750497607822 0.125 69
1750498117766 0.125 70
1750498337646 0.125 71
1750498561268 0.125 72
1750498786743 0.125 73
1750499003660 0.125 74
1750499222479 0.125 75
1750499451830 0.125 76
1750499677281 0.125 77
1750499896776 0.125 78
1750500123128 0.125 79
1750500701062 0.125 80
1750500928911 0.125 81
1750501153788 0.125 82
1750501385461 0.125 83
1750501616857 0.125 84
1750501838041 0.125 85
1750502063543 0.125 86
1750502292394 0.125 87
1750502520623 0.125 88
1750502748231 0.125 89
1750503369073 0.125 90
1750503605433 0.125 91
1750503844836 0.125 92
1750504077800 0.125 93
1750504320174 0.125 94
1750504556423 0.125 95
1750504786139 0.125 96
1750505024333 0.125 97
1750505260664 0.125 98
1750505494707 0.125 99
1750506066426 0.125 100
1750506297986 0.125 101
1750506542699 0.125 102
1750506781651 0.125 103
1750507043667 0.125 104
1750507287503 0.125 105
1750507525749 0.125 106
1750507772569 0.125 107
1750508018680 0.125 108
1750508265530 0.125 109
1750508828561 0.125 110
1750509077573 0.125 111
1750509321631 0.125 112
1750509573962 0.125 113
1750509825399 0.125 114
1750510084926 0.125 115
1750510359439 0.125 116
1750510634817 0.125 117
1750510912646 0.125 118
1750511213840 0.125 119
1750512203481 0.125 120
1750512516319 0.125 121
1750512830077 0.125 122
1750513143484 0.125 123
1750513442925 0.125 124
1750513741978 0.125 125
1750514046624 0.125 126
1750514364120 0.125 127
1750514695407 0.125 128
1750515080354 0.125 129
1750516315499 0.125 130
1750516694296 0.125 131
1750517095134 0.125 132
1750517461997 0.125 133
1750517848025 0.125 134
1750518213838 0.125 135
1750518565175 0.125 136
1750518917750 0.125 137
1750519279625 0.125 138
1750519598684 0.125 139
1750520648721 0.125 140
1750520982281 0.125 141
1750521336895 0.125 142
1750521679480 0.125 143
1750522038555 0.125 144
1750522374845 0.125 145
1750522705318 0.125 146
1750523030847 0.125 147
1750523374472 0.125 148
1750523694320 0.125 149
1750524719759 0.125 150
1750525032970 0.125 151
1750525354946 0.125 152
1750525677414 0.125 153
1750525997372 0.125 154
1750526323544 0.125 155
1750526653863 0.125 156
1750526979770 0.125 157
1750527311525 0.125 158
1750527630532 0.125 159
1750528511966 0.125 160
1750528827885 0.125 161
1750529146063 0.125 162
1750529457979 0.125 163
1750529771115 0.125 164
1750530078631 0.125 165
1750530382115 0.125 166
1750530691782 0.125 167
1750530989560 0.125 168
1750531278705 0.125 169
1750532008171 0.125 170
1750532288290 0.125 171
1750532565634 0.125 172
1750532861050 0.125 173
1750533154806 0.125 174
1750533441192 0.125 175
1750533726194 0.125 176
1750533997909 0.125 177
1750534268259 0.125 178
1750534552013 0.125 179
1750535251430 0.125 180
1750535531196 0.125 181
1750535811969 0.125 182
1750536091438 0.125 183
1750536367799 0.125 184
1750536672831 0.125 185
1750536955205 0.125 186
1750537247089 0.125 187
1750537548642 0.125 188
1750537862422 0.125 189
1750538654810 0.125 190
1750538954617 0.125 191
1750539258386 0.125 192
1750539547146 0.125 193
1750539842737 0.125 194
1750540128683 0.125 195
1750540405826 0.125 196
1750540692466 0.125 197
1750540973180 0.125 198
1750541270685 0.125 199
1750541989864 0.125 200
1750542267873 0.125 201
1750542548953 0.125 202
1750542832769 0.125 203
1750543104263 0.125 204
1750543385257 0.125 205
1750543651429 0.125 206
1750543937350 0.125 207
1750544206476 0.125 208
1750544483514 0.125 209
1750545129814 0.125 210
1750545408626 0.125 211
1750545682279 0.125 212
1750545954874 0.125 213
1750546230031 0.125 214
1750546508009 0.125 215
1750546777855 0.125 216
1750547058762 0.125 217
1750547317700 0.125 218
1750547595676 0.125 219
1750548245774 0.125 220
1750548514137 0.125 221
1750548767764 0.125 222
1750549030480 0.125 223
1750549284716 0.125 224
1750549536555 0.125 225
1750549789196 0.125 226
1750550054297 0.125 227
1750550305629 0.125 228
1750550574349 0.125 229
1750551257471 0.125 230
1750551524919 0.125 231
1750551790166 0.125 232
1750552059496 0.125 233
1750552333649 0.125 234
1750552590382 0.125 235
1750552847177 0.125 236
1750553114323 0.125 237
1750553372220 0.125 238
1750553641163 0.125 239
1750554272843 0.125 240
1750554532658 0.125 241
1750554807212 0.125 242
1750555070866 0.125 243
1750555348177 0.125 244
1750555619029 0.125 245
1750555912096 0.125 246
1750556201548 0.125 247
1750556465995 0.125 248
1750556780891 0.125 249
1750557434440 0.125 250
1750557703331 0.125 251
1750557977141 0.125 252
1750558270312 0.125 253
1750558538189 0.125 254
1750558818213 0.125 255
1750559082238 0.125 256
1750559346839 0.125 257
1750559607780 0.125 258
1750559884350 0.125 259
1750560510267 0.125 260
1750560772825 0.125 261
1750561042523 0.125 262
1750561299174 0.125 263
1750561558060 0.125 264
1750561813783 0.125 265
1750562080828 0.125 266
1750562357766 0.125 267
1750562618644 0.125 268
1750562877322 0.125 269
1750563572426 0.125 270
1750563846289 0.125 271
1750564111453 0.125 272
1750564385175 0.125 273
1750564653742 0.125 274
1750564938901 0.125 275
1750565205499 0.125 276
1750565465980 0.125 277
1750565726126 0.125 278
1750565984939 0.125 279
1750566634927 0.125 280
1750566897081 0.125 281
1750567156743 0.125 282
1750567416131 0.125 283
1750567666229 0.125 284
1750567916494 0.125 285
1750568163374 0.125 286
1750568419893 0.125 287
1750568668858 0.125 288
1750568917138 0.125 289
1750569517460 0.125 290
1750569774871 0.125 291
1750570017665 0.125 292
1750570255484 0.125 293
1750570499592 0.125 294
1750570743114 0.125 295
1750570978414 0.125 296
1750571217660 0.125 297
1750571446322 0.125 298
1750571678782 0.125 299
1750572286226 0.125 300
1750572519633 0.125 301
1750572752237 0.125 302
1750572991831 0.125 303
1750573234036 0.125 304
1750573474743 0.125 305
1750573721816 0.125 306
1750573973234 0.125 307
1750574214107 0.125 308
1750574457892 0.125 309
1750575028311 0.125 310
1750575289526 0.125 311
1750575532092 0.125 312
1750575773233 0.125 313
1750576005294 0.125 314
1750576241584 0.125 315
1750576483151 0.125 316
1750576723255 0.125 317
1750576965245 0.125 318
1750577200702 0.125 319
1750577743413 0.125 320
1750577986432 0.125 321
1750578221438 0.125 322
1750578460447 0.125 323
1750578717224 0.125 324
1750578951944 0.125 325
1750579187775 0.125 326
1750579433673 0.125 327
1750579672538 0.125 328
1750579906586 0.125 329
1750580437726 0.125 330
1750580672853 0.125 331
1750580907008 0.125 332
1750581143983 0.125 333
1750581389719 0.125 334
1750581655932 0.125 335
1750581897205 0.125 336
1750582151126 0.125 337
1750582400200 0.125 338
1750582654460 0.125 339
1750583287182 0.125 340
1750583545854 0.125 341
1750583820405 0.125 342
1750584086648 0.125 343
1750584354456 0.125 344
1750584624306 0.125 345
1750584881629 0.125 346
1750585136212 0.125 347
1750585383584 0.125 348
1750585633146 0.125 349
1750586274948 0.125 350
1750586529890 0.125 351
1750586789633 0.125 352
1750587046206 0.125 353
1750587294912 0.125 354
1750587560299 0.125 355
1750587831560 0.125 356
1750588108048 0.125 357
1750588384769 0.125 358
1750588652810 0.125 359
1750589306668 0.125 360
1750589578132 0.125 361
1750589866094 0.125 362
1750590140044 0.125 363
1750590410062 0.125 364
1750590675051 0.125 365
