1750481586734 0.87109375 1
1750481724146 0.875 2
1750481832814 0.8701171875 3
1750482016497 0.873046875 4
1750482201301 0.873046875 5
1750482380803 0.8740234375 6
1750482564390 0.873046875 7
1750482745714 0.8701171875 8
1750482894864 0.87109375 9
1750483320027 0.869140625 10
1750483507848 0.8740234375 11
1750483697444 0.8701171875 12
1750483881875 0.8740234375 13
1750484072225 0.8681640625 14
1750484237673 0.8720703125 15
1750484426285 0.8701171875 16
1750484617699 0.87109375 17
1750484810366 0.859375 18
1750485006758 0.861328125 19
1750485461323 0.85546875 20
1750485658690 0.8486328125 21
1750485856395 0.8583984375 22
1750486055923 0.830078125 23
1750486255075 0.8125 24
1750486464304 0.8095703125 25
1750486670834 0.8037109375 26
1750486877955 0.814453125 27
1750487090325 0.8037109375 28
1750487299022 0.8056640625 29
1750487900539 0.8203125 30
1750488112613 0.79296875 31
1750488331135 0.771484375 32
1750488552314 0.7880859375 33
1750488763423 0.76171875 34
1750488983091 0.7265625 35
1750489201265 0.744140625 36
1750489424197 0.740234375 37
1750489639204 0.7216796875 38
1750489851844 0.71875 39
1750490401099 0.7041015625 40
1750490616254 0.703125 41
1750491049354 0.7392578125 42
1750491260613 0.70703125 43
1750491474715 0.703125 44
1750491688598 0.7255859375 45
1750491903750 0.7412109375 46
1750492121865 0.7412109375 47
1750492345436 0.7060546875 48
1750492561225 0.720703125 49
1750493146016 0.7265625 50
1750493361671 0.7109375 51
1750493578289 0.6953125 52
1750493797259 0.734375 53
1750494011398 0.7177734375 54
1750494226708 0.6953125 55
1750494443621 0.671875 56
1750494660401 0.7275390625 57
1750494883387 0.7119140625 58
1750495097515 0.693359375 59
1750495625100 0.736328125 60
1750495844165 0.734375 61
1750496077414 0.697265625 62
1750496299699 0.7177734375 63
1750496513078 0.701171875 64
1750496729600 0.7265625 65
1750496948033 0.734375 66
1750497168813 0.7216796875 67
1750497387373 0.6953125 68
1750497607822 0.6982421875 69
1750498117766 0.7255859375 70
1750498337646 0.7109375 71
1750498561268 0.7001953125 72
1750498786743 0.716796875 73
1750499003660 0.673828125 74
1750499222479 0.7392578125 75
1750499451830 0.7080078125 76
1750499677281 0.740234375 77
1750499896776 0.6728515625 78
1750500123128 0.705078125 79
1750500701062 0.69921875 80
1750500928911 0.7099609375 81
1750501153788 0.69921875 82
1750501385461 0.7001953125 83
1750501616857 0.6953125 84
1750501838041 0.693359375 85
1750502063543 0.681640625 86
1750502292394 0.673828125 87
1750502520623 0.6572265625 88
1750502748231 0.6875 89
1750503369073 0.6962890625 90
1750503605433 0.6904296875 91
1750503844836 0.69921875 92
1750504077800 0.6787109375 93
1750504320174 0.66796875 94
1750504556423 0.7236328125 95
1750504786139 0.6513671875 96
1750505024333 0.69921875 97
1750505260664 0.7001953125 98
1750505494707 0.6796875 99
1750506066426 0.68359375 100
1750506297986 0.6669921875 101
1750506542699 0.7080078125 102
1750506781651 0.705078125 103
1750507043667 0.673828125 104
1750507287503 0.673828125 105
1750507525749 0.654296875 106
1750507772569 0.6376953125 107
1750508018680 0.6689453125 108
1750508265530 0.6650390625 109
1750508828561 0.6708984375 110
1750509077573 0.6875 111
1750509321631 0.6728515625 112
1750509573962 0.6708984375 113
1750509825399 0.671875 114
1750510084926 0.6953125 115
1750510359439 0.66796875 116
1750510634817 0.6357421875 117
1750510912646 0.634765625 118
1750511213840 0.6650390625 119
1750512203481 0.646484375 120
1750512516319 0.70703125 121
1750512830077 0.6796875 122
1750513143484 0.693359375 123
1750513442925 0.685546875 124
1750513741978 0.6494140625 125
1750514046624 0.67578125 126
1750514364120 0.650390625 127
1750514695407 0.732421875 128
1750515080354 0.732421875 129
1750516315499 0.7451171875 130
1750516694296 0.771484375 131
1750517095134 0.7470703125 132
1750517461997 0.7568359375 133
1750517848025 0.74609375 134
1750518213838 0.7080078125 135
1750518565175 0.7099609375 136
1750518917750 0.73828125 137
1750519279625 0.75390625 138
1750519598684 0.716796875 139
1750520648721 0.73828125 140
1750520982281 0.6982421875 141
1750521336895 0.7421875 142
1750521679480 0.701171875 143
1750522038555 0.7197265625 144
1750522374845 0.7001953125 145
1750522705318 0.7265625 146
1750523030847 0.6865234375 147
1750523374472 0.6923828125 148
1750523694320 0.72265625 149
1750524719759 0.7275390625 150
1750525032970 0.6904296875 151
1750525354946 0.716796875 152
1750525677414 0.6982421875 153
1750525997372 0.7275390625 154
1750526323544 0.6904296875 155
1750526653863 0.703125 156
1750526979770 0.7109375 157
1750527311525 0.6826171875 158
1750527630532 0.6826171875 159
1750528511966 0.693359375 160
1750528827885 0.7265625 161
1750529146063 0.7080078125 162
1750529457979 0.6962890625 163
1750529771115 0.7080078125 164
1750530078631 0.73046875 165
1750530382115 0.6904296875 166
1750530691782 0.6875 167
1750530989560 0.70703125 168
1750531278705 0.69921875 169
1750532008171 0.673828125 170
1750532288290 0.6787109375 171
1750532565634 0.6796875 172
1750532861050 0.7119140625 173
1750533154806 0.7080078125 174
1750533441192 0.689453125 175
1750533726194 0.666015625 176
1750533997909 0.658203125 177
1750534268259 0.6689453125 178
1750534552013 0.7265625 179
1750535251430 0.6728515625 180
1750535531196 0.6923828125 181
1750535811969 0.7021484375 182
1750536091438 0.6728515625 183
1750536367799 0.681640625 184
1750536672831 0.716796875 185
1750536955205 0.6806640625 186
1750537247089 0.70703125 187
1750537548642 0.6787109375 188
1750537862422 0.681640625 189
1750538654810 0.673828125 190
1750538954617 0.671875 191
1750539258386 0.662109375 192
1750539547146 0.6787109375 193
1750539842737 0.6533203125 194
1750540128683 0.6875 195
1750540405826 0.69140625 196
1750540692466 0.6796875 197
1750540973180 0.693359375 198
1750541270685 0.693359375 199
1750541989864 0.7021484375 200
1750542267873 0.6953125 201
1750542548953 0.6767578125 202
1750542832769 0.71484375 203
1750543104263 0.6494140625 204
1750543385257 0.67578125 205
1750543651429 0.6552734375 206
1750543937350 0.6904296875 207
1750544206476 0.669921875 208
1750544483514 0.6455078125 209
1750545129814 0.6923828125 210
1750545408626 0.703125 211
1750545682279 0.6572265625 212
1750545954874 0.69921875 213
1750546230031 0.64453125 214
1750546508009 0.6796875 215
1750546777855 0.6845703125 216
1750547058762 0.6689453125 217
1750547317700 0.673828125 218
1750547595676 0.671875 219
1750548245774 0.6708984375 220
1750548514137 0.6630859375 221
1750548767764 0.6044921875 222
1750549030480 0.650390625 223
1750549284716 0.6318359375 224
1750549536555 0.6494140625 225
1750549789196 0.6455078125 226
1750550054297 0.6640625 227
1750550305629 0.64453125 228
1750550574349 0.64453125 229
1750551257471 0.6669921875 230
1750551524919 0.6357421875 231
1750551790166 0.66796875 232
1750552059496 0.6962890625 233
1750552333649 0.71484375 234
1750552590382 0.66796875 235
1750552847177 0.7099609375 236
1750553114323 0.6865234375 237
1750553372220 0.6845703125 238
1750553641163 0.6904296875 239
1750554272843 0.66796875 240
1750554532658 0.66015625 241
1750554807212 0.6591796875 242
1750555070866 0.69921875 243
1750555348177 0.685546875 244
1750555619029 0.6962890625 245
1750555912096 0.66015625 246
1750556201548 0.6923828125 247
1750556465995 0.6708984375 248
1750556780891 0.7138671875 249
1750557434440 0.6640625 250
1750557703331 0.673828125 251
1750557977141 0.6416015625 252
1750558270312 0.70703125 253
1750558538189 0.6494140625 254
1750558818213 0.681640625 255
1750559082238 0.6728515625 256
1750559346839 0.6826171875 257
1750559607780 0.6875 258
1750559884350 0.6748046875 259
1750560510267 0.6845703125 260
1750560772825 0.6806640625 261
1750561042523 0.7236328125 262
1750561299174 0.6708984375 263
1750561558060 0.5908203125 264
1750561813783 0.6484375 265
1750562080828 0.6630859375 266
1750562357766 0.66796875 267
1750562618644 0.60546875 268
1750562877322 0.65234375 269
1750563572426 0.68359375 270
1750563846289 0.673828125 271
1750564111453 0.6591796875 272
1750564385175 0.697265625 273
1750564653742 0.6533203125 274
1750564938901 0.677734375 275
1750565205499 0.658203125 276
1750565465980 0.673828125 277
1750565726126 0.62890625 278
1750565984939 0.7021484375 279
1750566634927 0.6904296875 280
1750566897081 0.666015625 281
1750567156743 0.6767578125 282
1750567416131 0.666015625 283
1750567666229 0.658203125 284
1750567916494 0.6484375 285
1750568163374 0.6943359375 286
1750568419893 0.6787109375 287
1750568668858 0.673828125 288
1750568917138 0.6640625 289
1750569517460 0.65625 290
1750569774871 0.7109375 291
1750570017665 0.66796875 292
1750570255484 0.5986328125 293
1750570499592 0.671875 294
1750570743114 0.6943359375 295
1750570978414 0.6748046875 296
1750571217660 0.6240234375 297
1750571446322 0.6240234375 298
1750571678782 0.6162109375 299
1750572286226 0.6640625 300
1750572519633 0.662109375 301
1750572752237 0.6630859375 302
1750572991831 0.6533203125 303
1750573234036 0.6376953125 304
1750573474743 0.6337890625 305
1750573721816 0.6826171875 306
1750573973234 0.666015625 307
1750574214107 0.6396484375 308
1750574457892 0.6689453125 309
1750575028311 0.677734375 310
1750575289526 0.654296875 311
1750575532092 0.703125 312
1750575773233 0.6689453125 313
1750576005294 0.6923828125 314
1750576241584 0.65625 315
1750576483151 0.666015625 316
1750576723255 0.6552734375 317
1750576965245 0.7001953125 318
1750577200702 0.6513671875 319
1750577743413 0.6259765625 320
1750577986432 0.67578125 321
1750578221438 0.6806640625 322
1750578460447 0.6494140625 323
1750578717224 0.712890625 324
1750578951944 0.6376953125 325
1750579187775 0.654296875 326
1750579433673 0.6826171875 327
1750579672538 0.7021484375 328
1750579906586 0.6845703125 329
1750580437726 0.6552734375 330
1750580672853 0.6162109375 331
1750580907008 0.62109375 332
1750581143983 0.662109375 333
1750581389719 0.662109375 334
1750581655932 0.6171875 335
1750581897205 0.619140625 336
1750582151126 0.640625 337
1750582400200 0.6650390625 338
1750582654460 0.6259765625 339
1750583287182 0.595703125 340
1750583545854 0.63671875 341
1750583820405 0.6396484375 342
1750584086648 0.6513671875 343
1750584354456 0.658203125 344
1750584624306 0.671875 345
1750584881629 0.61328125 346
1750585136212 0.6396484375 347
1750585383584 0.6708984375 348
1750585633146 0.6025390625 349
1750586274948 0.6171875 350
1750586529890 0.6455078125 351
1750586789633 0.646484375 352
1750587046206 0.65234375 353
1750587294912 0.6337890625 354
1750587560299 0.6552734375 355
1750587831560 0.6259765625 356
1750588108048 0.6748046875 357
1750588384769 0.666015625 358
1750588652810 0.6220703125 359
1750589306668 0.646484375 360
1750589578132 0.6376953125 361
1750589866094 0.67578125 362
1750590140044 0.673828125 363
1750590410062 0.5986328125 364
1750590675051 0.63671875 365
