1750481586734 0.9999999921875001 1
1750481724146 0.9999999921875001 2
1750481832814 0.9999999921875001 3
1750482016497 0.9999999921875001 4
1750482201301 0.9921874922485352 5
1750482380803 0.9921874922485352 6
1750482564390 0.9999999921875001 7
1750482745714 0.9999999921875001 8
1750482894864 0.9999999921875001 9
1750483320027 0.9921874922485352 10
1750483507848 0.9999999921875001 11
1750483697444 0.9999999921875001 12
1750483881875 0.9999999921875001 13
1750484072225 0.9999999921875001 14
1750484237673 0.9999999921875001 15
1750484426285 0.9999999921875001 16
1750484617699 0.9999999921875001 17
1750484810366 0.9999999921875001 18
1750485006758 0.9999999921875001 19
1750485461323 0.9999999921875001 20
1750485658690 0.9999999921875001 21
1750485856395 0.9999999921875001 22
1750486055923 0.9921874922485352 23
1750486255075 0.9921874922485352 24
1750486464304 0.9999999921875001 25
1750486670834 0.9999999921875001 26
1750486877955 0.9999999921875001 27
1750487090325 0.9921874922485352 28
1750487299022 0.9921874922485352 29
1750487900539 0.9843749923095704 30
1750488112613 0.9999999921875001 31
1750488331135 0.9999999921875001 32
1750488552314 0.9921874922485352 33
1750488763423 0.9999999921875001 34
1750488983091 0.9999999921875001 35
1750489201265 0.9999999921875001 36
1750489424197 0.9999999921875001 37
1750489639204 0.9999999921875001 38
1750489851844 0.9999999921875001 39
1750490401099 0.9921874922485352 40
1750490616254 0.9999999921875001 41
1750491049354 0.9999999921875001 42
1750491260613 0.9921874922485352 43
1750491474715 0.9999999921875001 44
1750491688598 0.9999999921875001 45
1750491903750 0.9999999921875001 46
1750492121865 0.9921874922485352 47
1750492345436 0.9999999921875001 48
1750492561225 0.9999999921875001 49
1750493146016 0.9999999921875001 50
1750493361671 0.9999999921875001 51
1750493578289 0.9999999921875001 52
1750493797259 0.9999999921875001 53
1750494011398 0.9999999921875001 54
1750494226708 0.9843749923095704 55
1750494443621 0.9999999921875001 56
1750494660401 0.9921874922485352 57
1750494883387 0.9999999921875001 58
1750495097515 0.9999999921875001 59
1750495625100 0.9999999921875001 60
1750495844165 0.9999999921875001 61
1750496077414 0.9921874922485352 62
1750496299699 0.9921874922485352 63
1750496513078 0.9921874922485352 64
1750496729600 0.9999999921875001 65
1750496948033 0.9999999921875001 66
1750497168813 0.9999999921875001 67
1750497387373 0.9999999921875001 68
1750497607822 0.9999999921875001 69
1750498117766 0.9921874922485352 70
1750498337646 0.9921874922485352 71
1750498561268 0.9921874922485352 72
1750498786743 0.9999999921875001 73
1750499003660 0.9999999921875001 74
1750499222479 0.9921874922485352 75
1750499451830 0.9999999921875001 76
1750499677281 0.9999999921875001 77
1750499896776 0.9921874922485352 78
1750500123128 0.9999999921875001 79
1750500701062 0.9999999921875001 80
1750500928911 0.9921874922485352 81
1750501153788 0.9999999921875001 82
1750501385461 0.9999999921875001 83
1750501616857 0.9999999921875001 84
1750501838041 0.9999999921875001 85
1750502063543 0.9999999921875001 86
1750502292394 0.9843749923095704 87
1750502520623 0.9999999921875001 88
1750502748231 0.9999999921875001 89
1750503369073 0.9999999921875001 90
1750503605433 0.9999999921875001 91
1750503844836 0.9999999921875001 92
1750504077800 0.9999999921875001 93
1750504320174 0.9999999921875001 94
1750504556423 0.9999999921875001 95
1750504786139 0.9999999921875001 96
1750505024333 0.9999999921875001 97
1750505260664 0.9921874922485352 98
1750505494707 0.9999999921875001 99
1750506066426 0.9999999921875001 100
1750506297986 0.9999999921875001 101
1750506542699 0.9999999921875001 102
1750506781651 0.9999999921875001 103
1750507043667 0.9999999921875001 104
1750507287503 0.9999999921875001 105
1750507525749 0.9999999921875001 106
1750507772569 0.9999999921875001 107
1750508018680 0.9999999921875001 108
1750508265530 0.9999999921875001 109
1750508828561 0.9999999921875001 110
1750509077573 0.9999999921875001 111
1750509321631 0.9921874922485352 112
1750509573962 0.9999999921875001 113
1750509825399 0.9999999921875001 114
1750510084926 0.9921874922485352 115
1750510359439 0.9999999921875001 116
1750510634817 0.9999999921875001 117
1750510912646 0.9999999921875001 118
1750511213840 0.9999999921875001 119
1750512203481 0.9999999921875001 120
1750512516319 0.9999999921875001 121
1750512830077 0.9999999921875001 122
1750513143484 0.9999999921875001 123
1750513442925 0.9921874922485352 124
1750513741978 0.9999999921875001 125
1750514046624 0.9999999921875001 126
1750514364120 0.9999999921875001 127
1750514695407 0.9999999921875001 128
1750515080354 0.9999999921875001 129
1750516315499 0.9999999921875001 130
1750516694296 0.9921874922485352 131
1750517095134 0.9999999921875001 132
1750517461997 0.9999999921875001 133
1750517848025 0.9999999921875001 134
1750518213838 0.9999999921875001 135
1750518565175 0.9999999921875001 136
1750518917750 0.9999999921875001 137
1750519279625 0.9999999921875001 138
1750519598684 0.9999999921875001 139
1750520648721 0.9999999921875001 140
1750520982281 0.9999999921875001 141
1750521336895 0.9921874922485352 142
1750521679480 0.9999999921875001 143
1750522038555 0.9999999921875001 144
1750522374845 0.9999999921875001 145
1750522705318 0.9999999921875001 146
1750523030847 0.9999999921875001 147
1750523374472 0.9999999921875001 148
1750523694320 0.9999999921875001 149
1750524719759 0.9999999921875001 150
1750525032970 0.9999999921875001 151
1750525354946 0.9999999921875001 152
1750525677414 0.9999999921875001 153
1750525997372 0.9999999921875001 154
1750526323544 0.9999999921875001 155
1750526653863 0.9999999921875001 156
1750526979770 0.9999999921875001 157
1750527311525 0.9999999921875001 158
1750527630532 0.9921874922485352 159
1750528511966 0.9999999921875001 160
1750528827885 0.9921874922485352 161
1750529146063 0.9999999921875001 162
1750529457979 0.9999999921875001 163
1750529771115 0.9999999921875001 164
1750530078631 0.9999999921875001 165
1750530382115 0.9999999921875001 166
1750530691782 0.9921874922485352 167
1750530989560 0.9999999921875001 168
1750531278705 0.9921874922485352 169
1750532008171 0.9999999921875001 170
1750532288290 0.9999999921875001 171
1750532565634 0.9921874922485352 172
1750532861050 0.9999999921875001 173
1750533154806 0.9999999921875001 174
1750533441192 0.9999999921875001 175
1750533726194 0.9921874922485352 176
1750533997909 0.9999999921875001 177
1750534268259 0.9999999921875001 178
1750534552013 0.9999999921875001 179
1750535251430 0.9921874922485352 180
1750535531196 0.9921874922485352 181
1750535811969 0.9999999921875001 182
1750536091438 0.9999999921875001 183
1750536367799 0.9999999921875001 184
1750536672831 0.9843749923095704 185
1750536955205 0.9999999921875001 186
1750537247089 0.9999999921875001 187
1750537548642 0.9999999921875001 188
1750537862422 0.9999999921875001 189
1750538654810 0.9999999921875001 190
1750538954617 0.9999999921875001 191
1750539258386 0.9999999921875001 192
1750539547146 0.9999999921875001 193
1750539842737 0.9999999921875001 194
1750540128683 0.9999999921875001 195
1750540405826 0.9999999921875001 196
1750540692466 0.9999999921875001 197
1750540973180 0.9999999921875001 198
1750541270685 0.9999999921875001 199
1750541989864 0.9999999921875001 200
1750542267873 0.9999999921875001 201
1750542548953 0.9999999921875001 202
1750542832769 0.9921874922485352 203
1750543104263 0.9999999921875001 204
1750543385257 0.9999999921875001 205
1750543651429 0.9999999921875001 206
1750543937350 0.9999999921875001 207
1750544206476 0.9999999921875001 208
1750544483514 0.9999999921875001 209
1750545129814 0.9999999921875001 210
1750545408626 0.9999999921875001 211
1750545682279 0.9999999921875001 212
1750545954874 0.9921874922485352 213
1750546230031 0.9921874922485352 214
1750546508009 0.9999999921875001 215
1750546777855 0.9999999921875001 216
1750547058762 0.9999999921875001 217
1750547317700 0.9999999921875001 218
1750547595676 0.9999999921875001 219
1750548245774 0.9999999921875001 220
1750548514137 0.9999999921875001 221
1750548767764 0.9999999921875001 222
1750549030480 0.9999999921875001 223
1750549284716 0.9999999921875001 224
1750549536555 0.9999999921875001 225
1750549789196 0.9999999921875001 226
1750550054297 0.9999999921875001 227
1750550305629 0.9921874922485352 228
1750550574349 0.9921874922485352 229
1750551257471 0.9999999921875001 230
1750551524919 0.9999999921875001 231
1750551790166 0.9999999921875001 232
1750552059496 0.9999999921875001 233
1750552333649 0.9999999921875001 234
1750552590382 0.9999999921875001 235
1750552847177 0.9999999921875001 236
1750553114323 0.9999999921875001 237
1750553372220 0.9999999921875001 238
1750553641163 0.9999999921875001 239
1750554272843 0.9999999921875001 240
1750554532658 0.9999999921875001 241
1750554807212 0.9921874922485352 242
1750555070866 0.9999999921875001 243
1750555348177 0.9999999921875001 244
1750555619029 0.9921874922485352 245
1750555912096 0.9921874922485352 246
1750556201548 0.9999999921875001 247
1750556465995 0.9999999921875001 248
1750556780891 0.9921874922485352 249
1750557434440 0.9999999921875001 250
1750557703331 0.9999999921875001 251
1750557977141 0.9999999921875001 252
1750558270312 0.9921874922485352 253
1750558538189 0.9999999921875001 254
1750558818213 0.9999999921875001 255
1750559082238 0.9999999921875001 256
1750559346839 0.9921874922485352 257
1750559607780 0.9999999921875001 258
1750559884350 0.9999999921875001 259
1750560510267 0.9921874922485352 260
1750560772825 0.9999999921875001 261
1750561042523 0.9999999921875001 262
1750561299174 0.9999999921875001 263
1750561558060 0.9843749923095704 264
1750561813783 0.9999999921875001 265
1750562080828 0.9999999921875001 266
1750562357766 0.9999999921875001 267
1750562618644 0.9999999921875001 268
1750562877322 0.9999999921875001 269
1750563572426 0.9921874922485352 270
1750563846289 0.9999999921875001 271
1750564111453 0.9999999921875001 272
1750564385175 0.9999999921875001 273
1750564653742 0.9999999921875001 274
1750564938901 0.9999999921875001 275
1750565205499 0.9999999921875001 276
1750565465980 0.9999999921875001 277
1750565726126 0.9999999921875001 278
1750565984939 0.9999999921875001 279
1750566634927 0.9921874922485352 280
1750566897081 0.9999999921875001 281
1750567156743 0.9999999921875001 282
1750567416131 0.9999999921875001 283
1750567666229 0.9999999921875001 284
1750567916494 0.9999999921875001 285
1750568163374 0.9999999921875001 286
1750568419893 0.9921874922485352 287
1750568668858 0.9843749923095704 288
1750568917138 0.9999999921875001 289
1750569517460 0.9921874922485352 290
1750569774871 0.9843749923095704 291
1750570017665 0.9999999921875001 292
1750570255484 0.9921874922485352 293
1750570499592 0.9921874922485352 294
1750570743114 0.9921874922485352 295
1750570978414 0.9921874922485352 296
1750571217660 0.9921874922485352 297
1750571446322 0.9999999921875001 298
1750571678782 0.9921874922485352 299
1750572286226 0.9999999921875001 300
1750572519633 0.9999999921875001 301
1750572752237 0.9921874922485352 302
1750572991831 0.9999999921875001 303
1750573234036 0.9921874922485352 304
1750573474743 0.9921874922485352 305
1750573721816 0.9999999921875001 306
1750573973234 0.9999999921875001 307
1750574214107 0.9999999921875001 308
1750574457892 0.9999999921875001 309
1750575028311 0.9999999921875001 310
1750575289526 0.9999999921875001 311
1750575532092 0.9999999921875001 312
1750575773233 0.9999999921875001 313
1750576005294 0.9999999921875001 314
1750576241584 0.9999999921875001 315
1750576483151 0.9999999921875001 316
1750576723255 0.9921874922485352 317
1750576965245 0.9999999921875001 318
1750577200702 0.9999999921875001 319
1750577743413 0.9999999921875001 320
1750577986432 0.9921874922485352 321
1750578221438 0.9999999921875001 322
1750578460447 0.9999999921875001 323
1750578717224 0.9999999921875001 324
1750578951944 0.9999999921875001 325
1750579187775 0.9843749923095704 326
1750579433673 0.9921874922485352 327
1750579672538 0.9999999921875001 328
1750579906586 0.9999999921875001 329
1750580437726 0.9921874922485352 330
1750580672853 0.9999999921875001 331
1750580907008 0.9999999921875001 332
1750581143983 0.9999999921875001 333
1750581389719 0.9999999921875001 334
1750581655932 0.9999999921875001 335
1750581897205 0.9921874922485352 336
1750582151126 0.9921874922485352 337
1750582400200 0.9999999921875001 338
1750582654460 0.9999999921875001 339
1750583287182 0.9999999921875001 340
1750583545854 0.9999999921875001 341
1750583820405 0.9999999921875001 342
1750584086648 0.9999999921875001 343
1750584354456 0.9999999921875001 344
1750584624306 0.9999999921875001 345
1750584881629 0.9999999921875001 346
1750585136212 0.9921874922485352 347
1750585383584 0.9999999921875001 348
1750585633146 0.9999999921875001 349
1750586274948 0.9999999921875001 350
1750586529890 0.9999999921875001 351
1750586789633 0.9999999921875001 352
1750587046206 0.9999999921875001 353
1750587294912 0.9999999921875001 354
1750587560299 0.9999999921875001 355
1750587831560 0.9999999921875001 356
1750588108048 0.9999999921875001 357
1750588384769 0.9999999921875001 358
1750588652810 0.9999999921875001 359
1750589306668 0.9999999921875001 360
1750589578132 0.9999999921875001 361
1750589866094 0.9999999921875001 362
1750590140044 0.9999999921875001 363
1750590410062 0.9999999921875001 364
1750590675051 0.9843749923095704 365
