1750481586734 0.0044642857093032525 1
1750481724146 0.0 2
1750481832814 0.005580357136629066 3
1750482016497 0.0022321428546516263 4
1750482201301 0.0033482142819774396 5
1750482380803 0.0022321428546516263 6
1750482564390 0.0022321428546516263 7
1750482745714 0.005580357136629066 8
1750482894864 0.0044642857093032525 9
1750483320027 0.007812499991280692 10
1750483507848 0.0011160714273258131 11
1750483697444 0.005580357136629066 12
1750483881875 0.0011160714273258131 13
1750484072225 0.007812499991280692 14
1750484237673 0.0033482142819774396 15
1750484426285 0.005580357136629066 16
1750484617699 0.0044642857093032525 17
1750484810366 0.01785714283721301 18
1750485006758 0.015624999982561383 19
1750485461323 0.022321428546516264 20
1750485658690 0.030133928537796954 21
1750485856395 0.018973214264538824 22
1750486055923 0.05245535708431322 23
1750486255075 0.07254464277617785 24
1750486464304 0.07477678563082948 25
1750486670834 0.08147321419478436 26
1750486877955 0.06919642849420042 27
1750487090325 0.08258928562211017 28
1750487299022 0.08035714276745855 29
1750487900539 0.06473214278489717 30
1750488112613 0.09374999989536831 31
1750488331135 0.1183035712965362 32
1750488552314 0.10044642845932318 33
1750488763423 0.12946428556979434 34
1750488983091 0.1696428569535236 35
1750489201265 0.14955357126165897 36
1750489424197 0.1540178569709622 37
1750489639204 0.17522321409015265 38
1750489851844 0.1785714283721301 39
1750490401099 0.19642857120934312 40
1750490616254 0.19642857120934312 41
1750491049354 0.15513392839828802 42
1750491260613 0.19308035692736567 43
1750491474715 0.19642857120934312 44
1750491688598 0.1707589283808494 45
1750491903750 0.1529017855436364 46
1750492121865 0.1540178569709622 47
1750492345436 0.19308035692736567 48
1750492561225 0.1763392855174785 49
1750493146016 0.1696428569535236 50
1750493361671 0.18749999979073662 51
1750493578289 0.20535714262794963 52
1750493797259 0.1607142855349171 53
1750494011398 0.17968749979945592 54
1750494226708 0.20758928548260125 55
1750494443621 0.23214285688376912 56
1750494660401 0.1696428569535236 57
1750494883387 0.1863839283634108 58
1750495097515 0.20758928548260125 59
1750495625100 0.15848214268026548 60
1750495844165 0.1607142855349171 61
1750496077414 0.2042410712006238 62
1750496299699 0.18080357122678173 63
1750496513078 0.19977678549132055 64
1750496729600 0.1696428569535236 65
1750496948033 0.1607142855349171 66
1750497168813 0.17522321409015265 67
1750497387373 0.20535714262794963 68
1750497607822 0.20200892834597217 69
1750498117766 0.17187499980817522 70
1750498337646 0.18861607121806243 71
1750498561268 0.20089285691864636 72
1750498786743 0.18080357122678173 73
1750499003660 0.2299107140291175 74
1750499222479 0.15624999982561383 75
1750499451830 0.19084821407271405 76
1750499677281 0.1540178569709622 77
1750499896776 0.23214285688376912 78
1750500123128 0.19419642835469147 79
1750500701062 0.20089285691864636 80
1750500928911 0.18973214264538824 81
1750501153788 0.20089285691864636 82
1750501385461 0.19977678549132055 83
1750501616857 0.20535714262794963 84
1750501838041 0.20758928548260125 85
1750502063543 0.220982142610511 86
1750502292394 0.23214285688376912 87
1750502520623 0.24888392829365633 88
1750502748231 0.21428571404655614 89
1750503369073 0.2042410712006238 90
1750503605433 0.21093749976457868 91
1750503844836 0.20089285691864636 92
1750504077800 0.22433035689248845 93
1750504320174 0.2366071425930724 94
1750504556423 0.17299107123550103 95
1750504786139 0.2555803568576112 96
1750505024333 0.20089285691864636 97
1750505260664 0.20089285691864636 98
1750505494707 0.22321428546516262 99
1750506066426 0.21874999975585938 100
1750506297986 0.2377232140203982 101
1750506542699 0.19084821407271405 102
1750506781651 0.19419642835469147 103
1750507043667 0.2299107140291175 104
1750507287503 0.2299107140291175 105
1750507525749 0.25223214257563376 106
1750507772569 0.2712053568401726 107
1750508018680 0.23549107116574658 108
1750508265530 0.23995535687504982 109
1750508828561 0.23325892831109496 110
1750509077573 0.21428571404655614 111
1750509321631 0.23214285688376912 112
1750509573962 0.23325892831109496 113
1750509825399 0.23214285688376912 114
1750510084926 0.20647321405527544 115
1750510359439 0.2366071425930724 116
1750510634817 0.2734374996948242 117
1750510912646 0.27455357112215 118
1750511213840 0.23995535687504982 119
1750512203481 0.2611607139942403 120
1750512516319 0.19196428550003986 121
1750512830077 0.22321428546516262 122
1750513143484 0.20758928548260125 123
1750513442925 0.21763392832853357 124
1750513741978 0.25781249971226283 125
1750514046624 0.22767857117446588 126
1750514364120 0.25669642828493705 127
1750514695407 0.16294642838956871 128
1750515080354 0.16294642838956871 129
1750516315499 0.14843749983433316 130
1750516694296 0.119419642723862 131
1750517095134 0.1462053569796815 132
1750517461997 0.13504464270642338 133
1750517848025 0.14732142840700732 134
1750518213838 0.19084821407271405 135
1750518565175 0.18861607121806243 136
1750518917750 0.15624999982561383 137
1750519279625 0.13839285698840084 138
1750519598684 0.18080357122678173 139
1750520648721 0.15624999982561383 140
1750520982281 0.20200892834597217 141
1750521336895 0.1529017855436364 142
1750521679480 0.19866071406399474 143
1750522038555 0.1774553569448043 144
1750522374845 0.19977678549132055 145
1750522705318 0.1696428569535236 146
1750523030847 0.21540178547388195 147
1750523374472 0.20870535690992706 148
1750523694320 0.17410714266282684 149
1750524719759 0.1685267855261978 150
1750525032970 0.21093749976457868 151
1750525354946 0.18080357122678173 152
1750525677414 0.20200892834597217 153
1750525997372 0.1685267855261978 154
1750526323544 0.21093749976457868 155
1750526653863 0.19642857120934312 156
1750526979770 0.18749999979073662 157
1750527311525 0.21986607118318519 158
1750527630532 0.220982142610511 159
1750528511966 0.20758928548260125 160
1750528827885 0.1707589283808494 161
1750529146063 0.19084821407271405 162
1750529457979 0.2042410712006238 163
1750529771115 0.19084821407271405 164
1750530078631 0.16517857124422033 165
1750530382115 0.21093749976457868 166
1750530691782 0.21540178547388195 167
1750530989560 0.19196428550003986 168
1750531278705 0.20200892834597217 169
1750532008171 0.2299107140291175 170
1750532288290 0.22433035689248845 171
1750532565634 0.22433035689248845 172
1750532861050 0.1863839283634108 173
1750533154806 0.19084821407271405 174
1750533441192 0.2120535711919045 175
1750533726194 0.23995535687504982 176
1750533997909 0.24776785686633052 177
1750534268259 0.23549107116574658 178
1750534552013 0.1696428569535236 179
1750535251430 0.23214285688376912 180
1750535531196 0.20982142833725287 181
1750535811969 0.19754464263666893 182
1750536091438 0.2310267854564433 183
1750536367799 0.220982142610511 184
1750536672831 0.18303571408143335 185
1750536955205 0.2220982140378368 186
1750537247089 0.19196428550003986 187
1750537548642 0.22433035689248845 188
1750537862422 0.220982142610511 189
1750538654810 0.2299107140291175 190
1750538954617 0.23214285688376912 191
1750539258386 0.24330357115702728 192
1750539547146 0.22433035689248845 193
1750539842737 0.2533482140029596 194
1750540128683 0.21428571404655614 195
1750540405826 0.20982142833725287 196
1750540692466 0.22321428546516262 197
1750540973180 0.20758928548260125 198
1750541270685 0.20758928548260125 199
1750541989864 0.19754464263666893 200
1750542267873 0.20535714262794963 201
1750542548953 0.22656249974714007 202
1750542832769 0.18415178550875916 203
1750543104263 0.25781249971226283 204
1750543385257 0.22767857117446588 205
1750543651429 0.251116071148308 206
1750543937350 0.21093749976457868 207
1750544206476 0.23437499973842077 208
1750544483514 0.26227678542156607 209
1750545129814 0.20870535690992706 210
1750545408626 0.19642857120934312 211
1750545682279 0.24888392829365633 212
1750545954874 0.20200892834597217 213
1750546230031 0.2645089282762177 214
1750546508009 0.22321428546516262 215
1750546777855 0.21763392832853357 216
1750547058762 0.23549107116574658 217
1750547317700 0.2299107140291175 218
1750547595676 0.23214285688376912 219
1750548245774 0.23325892831109496 220
1750548514137 0.24218749972970144 221
1750548767764 0.30915178536925025 222
1750549030480 0.25669642828493705 223
1750549284716 0.27790178540412747 224
1750549536555 0.25781249971226283 225
1750549789196 0.26227678542156607 226
1750550054297 0.24107142830237563 227
1750550305629 0.2645089282762177 228
1750550574349 0.2645089282762177 229
1750551257471 0.2377232140203982 230
1750551524919 0.2734374996948242 231
1750551790166 0.2366071425930724 232
1750552059496 0.2042410712006238 233
1750552333649 0.18303571408143335 234
1750552590382 0.2366071425930724 235
1750552847177 0.18861607121806243 236
1750553114323 0.21540178547388195 237
1750553372220 0.21763392832853357 238
1750553641163 0.21093749976457868 239
1750554272843 0.2366071425930724 240
1750554532658 0.2455357140116789 241
1750554807212 0.24776785686633052 242
1750555070866 0.20089285691864636 243
1750555348177 0.21651785690120776 244
1750555619029 0.20535714262794963 245
1750555912096 0.2466517854390047 246
1750556201548 0.20870535690992706 247
1750556465995 0.23325892831109496 248
1750556780891 0.18526785693608497 249
1750557434440 0.24107142830237563 250
1750557703331 0.2299107140291175 251
1750557977141 0.26674107113086937 252
1750558270312 0.19308035692736567 253
1750558538189 0.25781249971226283 254
1750558818213 0.220982142610511 255
1750559082238 0.2310267854564433 256
1750559346839 0.220982142610511 257
1750559607780 0.21428571404655614 258
1750559884350 0.2287946426017917 259
1750560510267 0.21874999975585938 260
1750560772825 0.2220982140378368 261
1750561042523 0.17299107123550103 262
1750561299174 0.23325892831109496 263
1750561558060 0.32700892820646327 264
1750561813783 0.25892857113958867 265
1750562080828 0.24218749972970144 266
1750562357766 0.2366071425930724 267
1750562618644 0.3080357139419244 268
1750562877322 0.2544642854302854 269
1750563572426 0.21986607118318519 270
1750563846289 0.2299107140291175 271
1750564111453 0.2466517854390047 272
1750564385175 0.20312499977329798 273
1750564653742 0.2533482140029596 274
1750564938901 0.22544642831981426 275
1750565205499 0.24776785686633052 276
1750565465980 0.2299107140291175 277
1750565726126 0.2812499996861049 278
1750565984939 0.19754464263666893 279
1750566634927 0.2120535711919045 280
1750566897081 0.238839285447724 281
1750567156743 0.22656249974714007 282
1750567416131 0.238839285447724 283
1750567666229 0.24776785686633052 284
1750567916494 0.25892857113958867 285
1750568163374 0.20647321405527544 286
1750568419893 0.22544642831981426 287
1750568668858 0.23214285688376912 288
1750568917138 0.24107142830237563 289
1750569517460 0.251116071148308 290
1750569774871 0.18973214264538824 291
1750570017665 0.2366071425930724 292
1750570255484 0.31696428536053095 293
1750570499592 0.23325892831109496 294
1750570743114 0.20758928548260125 295
1750570978414 0.2299107140291175 296
1750571217660 0.2879464282500598 297
1750571446322 0.286830356822734 298
1750571678782 0.2968749996686663 299
1750572286226 0.24107142830237563 300
1750572519633 0.24330357115702728 301
1750572752237 0.24330357115702728 302
1750572991831 0.2533482140029596 303
1750573234036 0.2723214282674984 304
1750573474743 0.2767857139768017 305
1750573721816 0.21986607118318519 306
1750573973234 0.238839285447724 307
1750574214107 0.268973213985521 308
1750574457892 0.23549107116574658 309
1750575028311 0.22544642831981426 310
1750575289526 0.25223214257563376 311
1750575532092 0.19642857120934312 312
1750575773233 0.23549107116574658 313
1750576005294 0.20870535690992706 314
1750576241584 0.24999999972098214 315
1750576483151 0.238839285447724 316
1750576723255 0.25223214257563376 317
1750576965245 0.19977678549132055 318
1750577200702 0.2555803568576112 319
1750577743413 0.2845982139680823 320
1750577986432 0.2287946426017917 321
1750578221438 0.2220982140378368 322
1750578460447 0.25781249971226283 323
1750578717224 0.18526785693608497 324
1750578951944 0.2712053568401726 325
1750579187775 0.2544642854302854 326
1750579433673 0.220982142610511 327
1750579672538 0.19754464263666893 328
1750579906586 0.21763392832853357 329
1750580437726 0.25223214257563376 330
1750580672853 0.2957589282413405 331
1750580907008 0.2901785711047114 332
1750581143983 0.24330357115702728 333
1750581389719 0.24330357115702728 334
1750581655932 0.29464285681401464 335
1750581897205 0.29352678538668886 336
1750582151126 0.268973213985521 337
1750582400200 0.23995535687504982 338
1750582654460 0.2845982139680823 339
1750583287182 0.31919642821518257 340
1750583545854 0.2723214282674984 341
1750583820405 0.268973213985521 342
1750584086648 0.2555803568576112 343
1750584354456 0.24776785686633052 344
1750584624306 0.23214285688376912 345
1750584881629 0.29910714252331794 346
1750585136212 0.27008928541284677 347
1750585383584 0.23325892831109496 348
1750585633146 0.3113839282239019 349
1750586274948 0.29464285681401464 350
1750586529890 0.26227678542156607 351
1750586789633 0.2611607139942403 352
1750587046206 0.2544642854302854 353
1750587294912 0.27566964254947585 354
1750587560299 0.251116071148308 355
1750587831560 0.2845982139680823 356
1750588108048 0.2287946426017917 357
1750588384769 0.238839285447724 358
1750588652810 0.2890624996773856 359
1750589306668 0.2611607139942403 360
1750589578132 0.2712053568401726 361
1750589866094 0.22767857117446588 362
1750590140044 0.2299107140291175 363
1750590410062 0.3158482139332051 364
1750590675051 0.27455357112215 365
