1750481586734 0.683992733558019 1
1750481724146 0.7601338624954224 2
1750481832814 0.7403219171932766 3
1750482016497 0.8653963729739189 4
1750482201301 0.7214123010635376 5
1750482380803 0.7046288933072772 6
1750482564390 0.8930615399565015 7
1750482745714 0.7165576432432447 8
1750482894864 0.8961773685046605 9
1750483320027 0.7842980197497776 10
1750483507848 1.1268715560436249 11
1750483697444 0.6930342465639114 12
1750483881875 0.7034436203539371 13
1750484072225 0.5872088596224785 14
1750484237673 0.7067716717720032 15
1750484426285 0.7045179754495621 16
1750484617699 0.6078310012817383 17
1750484810366 0.6411535069346428 18
1750485006758 0.5299374796450138 19
1750485461323 0.6434262916445732 20
1750485658690 0.7864793501794338 21
1750485856395 0.5761684253811836 22
1750486055923 0.6441339999437332 23
1750486255075 0.8373193964362144 24
1750486464304 0.808107428252697 25
1750486670834 0.9630075842142105 26
1750486877955 1.128272332251072 27
1750487090325 1.1370863053533766 28
1750487299022 1.1937365755438805 29
1750487900539 1.1713859260082244 30
1750488112613 0.8320636683040195 31
1750488331135 0.9656397365033627 32
1750488552314 0.8603564037217034 33
1750488763423 0.9133774936199188 34
1750488983091 0.9645993709564209 35
1750489201265 0.6472572803497314 36
1750489424197 0.9859454333782196 37
1750489639204 0.735247446431054 38
1750489851844 0.6133303046226501 39
1750490401099 0.5703355856239796 40
1750490616254 0.8097156248986721 41
1750491049354 0.6212774647606744 42
1750491260613 0.6859094699223837 43
1750491474715 0.5251291513442993 44
1750491688598 0.4809988886117935 45
1750491903750 0.6006210446357727 46
1750492121865 0.7537973701953888 47
1750492345436 0.6703784200880263 48
1750492561225 0.5701225731107924 49
1750493146016 0.4315667897462845 50
1750493361671 0.5437363187472025 51
1750493578289 0.43302345648407936 52
1750493797259 0.49546908438205717 53
1750494011398 0.536685872823 54
1750494226708 0.6346726781792111 55
1750494443621 0.440206591039896 56
1750494660401 0.5541543632745742 57
1750494883387 0.4657959282398224 58
1750495097515 0.4316595329178704 59
1750495625100 0.8116054534912109 60
1750495844165 0.41312795877456665 61
1750496077414 0.49341056048870086 62
1750496299699 0.4214517563581467 63
1750496513078 0.42001949064433575 64
1750496729600 0.4561746299266815 65
1750496948033 0.4530243620276451 66
1750497168813 0.43558760583400724 67
1750497387373 0.4084351658821106 68
1750497607822 0.3448965284559462 69
1750498117766 0.4011658463213179 70
1750498337646 0.3559609532356262 71
1750498561268 0.33361184448003767 72
1750498786743 0.41001240313053133 73
1750499003660 0.3485448956489563 74
1750499222479 0.4119856938719749 75
1750499451830 0.3601000666618347 76
1750499677281 0.543006232380867 77
1750499896776 0.4015123082531823 78
1750500123128 0.3650180235505104 79
1750500701062 0.4302939176559448 80
1750500928911 0.3630135372281075 81
1750501153788 0.3356192588806152 82
1750501385461 0.33319729972969403 83
1750501616857 0.3384162709116936 84
1750501838041 0.3672869145870209 85
1750502063543 0.4233767569065094 86
1750502292394 0.3831923544406891 87
1750502520623 0.529668312181126 88
1750502748231 0.35941742062568666 89
1750503369073 0.570387374271046 90
1750503605433 0.352680379152298 91
1750503844836 0.35781929045915606 92
1750504077800 0.3890184074640274 93
1750504320174 0.48032939569516614 94
1750504556423 0.3680332064628601 95
1750504786139 0.39607186019420626 96
1750505024333 0.42626679688692093 97
1750505260664 0.3959092527627945 98
1750505494707 0.41232108473777773 99
1750506066426 0.39716273004358466 100
1750506297986 0.38972346782684325 101
1750506542699 0.4133036807179451 102
1750506781651 0.40048909187316895 103
1750507043667 0.41160407391461457 104
1750507287503 0.33168426156044006 105
1750507525749 0.38500996882265265 106
1750507772569 0.37743628149231273 107
1750508018680 0.3706560755769412 108
1750508265530 0.33467429007093114 109
1750508828561 0.33558739845951396 110
1750509077573 0.351339615881443 111
1750509321631 0.4089336507022381 112
1750509573962 0.37380347152551013 113
1750509825399 0.422485697727937 114
1750510084926 0.4084892158324902 115
1750510359439 0.4632098376750946 116
1750510634817 0.5264776627222697 117
1750510912646 0.5070064089127949 118
1750511213840 0.5054042600095272 119
1750512203481 0.49011728167533875 120
1750512516319 0.47787071676815257 121
1750512830077 0.45445415212048423 122
1750513143484 0.43765424980836753 123
1750513442925 0.46673100627958775 124
1750513741978 0.46389625780284405 125
1750514046624 0.48451833613216877 126
1750514364120 0.5160060682717491 127
1750514695407 0.5849704146385193 128
1750515080354 0.6195290415059953 129
1750516315499 0.7247791320085526 130
1750516694296 0.664768534047263 131
1750517095134 0.7357305529571715 132
1750517461997 0.6585435628890991 133
1750517848025 0.6781785062381199 134
1750518213838 0.5999634817242623 135
1750518565175 0.6786891347483585 136
1750518917750 0.6939842371564162 137
1750519279625 0.5367543117867576 138
1750519598684 0.6301566196812524 139
1750520648721 0.5134600318140454 140
1750520982281 0.5788928237226274 141
1750521336895 0.514491754770279 142
1750521679480 0.5446210927084872 143
1750522038555 0.5180261151658164 144
1750522374845 0.5197658583521843 145
1750522705318 0.5063038138966811 146
1750523030847 0.5192935284641054 147
1750523374472 0.4737841784954071 148
1750523694320 0.5011232942342758 149
1750524719759 0.49723130298985374 150
1750525032970 0.5169753846195009 151
1750525354946 0.4608980317910512 152
1750525677414 0.46854255762365127 153
1750525997372 0.4748011860582564 154
1750526323544 0.44600943393177456 155
1750526653863 0.5561194608086034 156
1750526979770 0.48661115931140053 157
1750527311525 0.4807757967048221 158
1750527630532 0.5231442161732249 159
1750528511966 0.42862403951585293 160
1750528827885 0.4526923929943758 161
1750529146063 0.41634957229389863 162
1750529457979 0.41146473752127755 163
1750529771115 0.4224215903702904 164
1750530078631 0.41868650540709496 165
1750530382115 0.3828394589945674 166
1750530691782 0.4239732745815726 167
1750530989560 0.35745625849813223 168
1750531278705 0.3397181974723935 169
1750532008171 0.43779486045241356 170
1750532288290 0.38156245748202006 171
1750532565634 0.38197092499051777 172
1750532861050 0.3644221741706133 173
1750533154806 0.40620713829994204 174
1750533441192 0.38567122391292025 175
1750533726194 0.3927396099482264 176
1750533997909 0.4138903457384843 177
1750534268259 0.45539936423301697 178
1750534552013 0.44444031119346616 179
1750535251430 0.414130836725235 180
1750535531196 0.44383769801684786 181
1750535811969 0.4244018409933363 182
1750536091438 0.43191843373434885 183
1750536367799 0.4866626560688019 184
1750536672831 0.447276779015859 185
1750536955205 0.44020771235227585 186
1750537247089 0.4559326549371084 187
1750537548642 0.49766847093900046 188
1750537862422 0.4125874023884535 189
1750538654810 0.4559164550155401 190
1750538954617 0.4916592873632908 191
1750539258386 0.48570021241903305 192
1750539547146 0.4736409624417623 193
1750539842737 0.4611671588250569 194
1750540128683 0.47960769704410006 195
1750540405826 0.4910801521369389 196
1750540692466 0.5065236964396068 197
1750540973180 0.4749391717570169 198
1750541270685 0.5319888869921366 199
1750541989864 0.5280259052912394 200
1750542267873 0.5337680535657066 201
1750542548953 0.5542316675186157 202
1750542832769 0.5694427511521748 203
1750543104263 0.5161846237523215 204
1750543385257 0.5752396562269756 205
1750543651429 0.5215671594653811 206
1750543937350 0.48715015394347055 207
1750544206476 0.539122673017638 208
1750544483514 0.5105197383807256 209
1750545129814 0.5800920784473419 210
1750545408626 0.49002502163251244 211
1750545682279 0.5280948962484088 212
1750545954874 0.5246082863637379 213
1750546230031 0.5316969709736961 214
1750546508009 0.5344677796730628 215
1750546777855 0.5266739981515067 216
1750547058762 0.46916995516845156 217
1750547317700 0.5301169242177691 218
1750547595676 0.5038575466190066 219
1750548245774 0.4599049836397171 220
1750548514137 0.4731494379895074 221
1750548767764 0.4867719022127298 222
1750549030480 0.46014545609553653 223
1750549284716 0.47419776767492294 224
1750549536555 0.4066402663787206 225
1750549789196 0.4412205045421918 226
1750550054297 0.4535785938302676 227
1750550305629 0.4297097747524579 228
1750550574349 0.47074273457893956 229
1750551257471 0.45611710633550373 230
1750551524919 0.4538864990075429 231
1750551790166 0.529904129413458 232
1750552059496 0.4697556900126593 233
1750552333649 0.4973469058672587 234
1750552590382 0.4589579900105794 235
1750552847177 0.49138545989990234 236
1750553114323 0.46068955745015827 237
1750553372220 0.5065490649296687 238
1750553641163 0.5301655807665416 239
1750554272843 0.5309057258642637 240
1750554532658 0.581526734999248 241
1750554807212 0.5441763677767345 242
1750555070866 0.505998643545004 243
1750555348177 0.4865803377968924 244
1750555619029 0.47534013645989553 245
1750555912096 0.4766975063830614 246
1750556201548 0.4630857599633081 247
1750556465995 0.48659817022936686 248
1750556780891 0.502182682355245 249
1750557434440 0.4720153531857899 250
1750557703331 0.47199769432728106 251
1750557977141 0.4773552715778351 252
1750558270312 0.4526554388659341 253
1750558538189 0.46472556774432844 254
1750558818213 0.46153627974646433 255
1750559082238 0.41489206893103464 256
1750559346839 0.37287468864367557 257
1750559607780 0.42629708101352054 258
1750559884350 0.3646621597664697 259
1750560510267 0.34767474854985875 260
1750560772825 0.38003158072630566 261
1750561042523 0.34697451155919296 262
1750561299174 0.313836923489968 263
1750561558060 0.3201906027702185 264
1750561813783 0.3342787634049143 265
1750562080828 0.4521746222789471 266
1750562357766 0.32090776012494016 267
1750562618644 0.3471062034368515 268
1750562877322 0.3389169459159558 269
1750563572426 0.368983585635821 270
1750563846289 0.3557318632419293 271
1750564111453 0.38677676824422985 272
1750564385175 0.376214362680912 273
1750564653742 0.3690837398171425 274
1750564938901 0.35323616633048427 275
1750565205499 0.35270035905497416 276
1750565465980 0.37212820924245393 277
1750565726126 0.3496374556651482 278
1750565984939 0.35357557237148285 279
1750566634927 0.37346231708159816 280
1750566897081 0.3277583718299866 281
1750567156743 0.3678526305235349 282
1750567416131 0.34573186188936234 283
1750567666229 0.35824717829624814 284
1750567916494 0.3410241740445296 285
1750568163374 0.3285292262832324 286
1750568419893 0.3562704225381215 287
1750568668858 0.35293859119216603 288
1750568917138 0.360937441388766 289
1750569517460 0.33130161712567013 290
1750569774871 0.46612507646734064 291
1750570017665 0.37248150597919116 292
1750570255484 0.3473826430060647 293
1750570499592 0.3798104077577591 294
1750570743114 0.36637462427218753 295
1750570978414 0.3565477986227382 296
1750571217660 0.39224256078402203 297
1750571446322 0.3607986032962799 298
1750571678782 0.38927461071447894 299
1750572286226 0.40435420100887615 300
1750572519633 0.37911760807037354 301
1750572752237 0.35801606286655774 302
1750572991831 0.40081875026226044 303
1750573234036 0.3805782334371047 304
1750573474743 0.3855908662080765 305
1750573721816 0.37977536767721176 306
1750573973234 0.3644052843252818 307
1750574214107 0.39497481421990827 308
1750574457892 0.3792932778596878 309
1750575028311 0.4053315569957097 310
1750575289526 0.4015079817988656 311
1750575532092 0.3967843179901441 312
1750575773233 0.37738429687239905 313
1750576005294 0.39938005805015564 314
1750576241584 0.3716392381624742 315
1750576483151 0.34580711884932086 316
1750576723255 0.35651719028299506 317
1750576965245 0.3666146596272786 318
1750577200702 0.37003129585222766 319
1750577743413 0.3898311528292569 320
1750577986432 0.36522553612788516 321
1750578221438 0.39032406969503924 322
1750578460447 0.39235763996839523 323
1750578717224 0.4000464143852393 324
1750578951944 0.39095826853405347 325
1750579187775 0.38978705352002924 326
1750579433673 0.3889205753803253 327
1750579672538 0.41194521139065426 328
1750579906586 0.356428849697113 329
1750580437726 0.42859614491462705 330
1750580672853 0.40083246529102323 331
1750580907008 0.36402224681594153 332
1750581143983 0.3639731079339981 333
1750581389719 0.4023548389474551 334
1750581655932 0.3875406574119221 335
1750581897205 0.36585703221234406 336
1750582151126 0.3773973708351453 337
1750582400200 0.3905838206410408 338
1750582654460 0.39182360221942264 339
1750583287182 0.3786059071620305 340
1750583545854 0.3514290029803912 341
1750583820405 0.41931067407131195 342
1750584086648 0.3853188689265932 343
1750584354456 0.3901930344956262 344
1750584624306 0.37283422904355185 345
1750584881629 0.3273869330684344 346
1750585136212 0.33752015108863515 347
1750585383584 0.4015336334705353 348
1750585633146 0.34756802595578706 349
1750586274948 0.3782460515697797 350
1750586529890 0.35724082589149475 351
1750586789633 0.3249091781102694 352
1750587046206 0.33052733168005943 353
1750587294912 0.35559670627117157 354
1750587560299 0.3071855627573453 355
1750587831560 0.2915086241868826 356
1750588108048 0.33240378328732084 357
1750588384769 0.3698118052312306 358
1750588652810 0.3166691018984868 359
1750589306668 0.3064160006386893 360
1750589578132 0.31910060878310886 361
1750589866094 0.32388024032115936 362
1750590140044 0.300433058823858 363
1750590410062 0.2715843692421913 364
1750590675051 0.2536798704128999 365
