1750481586734 1.5129108428955078 1
1750481724146 798.3557987213135 2
1750481832814 286.879976272583 3
1750482016497 32.61194372177124 4
1750482201301 9.876637041568756 5
1750482380803 23.46070623397827 6
1750482564390 17.731714248657227 7
1750482745714 171.64744159579277 8
1750482894864 11.792546272277832 9
1750483320027 35.73638153076172 10
1750483507848 92.05733299255371 11
1750483697444 22.55886459350586 12
1750483881875 1.7421532273292542 13
1750484072225 19.66096019744873 14
1750484237673 26.097946166992188 15
1750484426285 11.205326080322266 16
1750484617699 17.653302371501923 17
1750484810366 23.723991870880127 18
1750485006758 23.15018606185913 19
1750485461323 33.03937339782715 20
1750485658690 1.1290819942951202 21
1750485856395 0.7085799276828766 22
1750486055923 0.7115840017795563 23
1750486255075 34.50243866443634 24
1750486464304 14.077288806438446 25
1750486670834 45.32627487182617 26
1750486877955 0.6638461947441101 27
1750487090325 0.6643155515193939 28
1750487299022 0.6134316325187683 29
1750487900539 17.862561225891113 30
1750488112613 9.640440702438354 31
1750488331135 5032.286505281925 32
1750488552314 175.26782989501953 33
1750488763423 112.37322074174881 34
1750488983091 0.6666899621486664 35
1750489201265 32.89923310279846 36
1750489424197 118.58099746704102 37
1750489639204 23.202788710594177 38
1750489851844 69.14404758810997 39
1750490401099 22.14477825164795 40
1750490616254 29.134453892707825 41
1750491049354 35.60242748260498 42
1750491260613 31.079244822263718 43
1750491474715 20.11686584353447 44
1750491688598 6.848926097154617 45
1750491903750 0.5307241380214691 46
1750492121865 23.709840893745422 47
1750492345436 15.560835301876068 48
1750492561225 3.167919933795929 49
1750493146016 2.395842492580414 50
1750493361671 32.244558334350586 51
1750493578289 0.5374957323074341 52
1750493797259 4.71818733215332 53
1750494011398 1.9622330963611603 54
1750494226708 18.655724674463272 55
1750494443621 36.9896060526371 56
1750494660401 0.5442439019680023 57
1750494883387 63.22674438357353 58
1750495097515 75.12455213069916 59
1750495625100 4.730697751045227 60
1750495844165 4.203450322151184 61
1750496077414 14.188053965568542 62
1750496299699 113.41327667236328 63
1750496513078 5.482321918010712 64
1750496729600 3.55276420712471 65
1750496948033 0.49869386851787567 66
1750497168813 0.512433648109436 67
1750497387373 0.5060553401708603 68
1750497607822 0.5100990384817123 69
1750498117766 3.658814013004303 70
1750498337646 0.5406642258167267 71
1750498561268 10.946896374225616 72
1750498786743 0.5153663009405136 73
1750499003660 3.3317002803087234 74
1750499222479 29.897408485412598 75
1750499451830 5.690815031528473 76
1750499677281 12.24190068244934 77
1750499896776 1.8742296993732452 78
1750500123128 10.810462236404419 79
1750500701062 19.481020718812943 80
1750500928911 0.5176615715026855 81
1750501153788 1.759460836648941 82
1750501385461 1.9681982398033142 83
1750501616857 44.46452081203461 84
1750501838041 0.5562860369682312 85
1750502063543 5.290935277938843 86
1750502292394 1.574367731809616 87
1750502520623 6.231143236160278 88
1750502748231 4.661874413490295 89
1750503369073 0.6203515827655792 90
1750503605433 4.770214289426804 91
1750503844836 2.631901800632477 92
1750504077800 0.6205121576786041 93
1750504320174 9.342857360839844 94
1750504556423 6.326266646385193 95
1750504786139 15.34520298242569 96
1750505024333 0.6510156691074371 97
1750505260664 0.579330176115036 98
1750505494707 0.6077716946601868 99
1750506066426 5.242138564586639 100
1750506297986 0.6121758818626404 101
1750506542699 0.6208130419254303 102
1750506781651 0.6397294700145721 103
1750507043667 0.9457812309265137 104
1750507287503 0.6211357116699219 105
1750507525749 0.6475147604942322 106
1750507772569 1.0316258072853088 107
1750508018680 0.846070408821106 108
1750508265530 21.667242288589478 109
1750508828561 0.8588823974132538 110
1750509077573 27.10617408156395 111
1750509321631 7.90874445438385 112
1750509573962 11.559773087501526 113
1750509825399 0.925270140171051 114
1750510084926 18.0152225792408 115
1750510359439 3.813028186559677 116
1750510634817 1.015549898147583 117
1750510912646 12.920520305633545 118
1750511213840 20.728982150554657 119
1750512203481 16.424605131149292 120
1750512516319 0.9923873841762543 121
1750512830077 1.913187563419342 122
1750513143484 1.1209162473678589 123
1750513442925 7.609527587890625 124
1750513741978 14.437183380126953 125
1750514046624 17.267003297805786 126
1750514364120 18.590530395507812 127
1750514695407 16.983062088489532 128
1750515080354 10.684606611728668 129
1750516315499 0.9722760617733002 130
1750516694296 137.99013394117355 131
1750517095134 2435.0183168053627 132
1750517461997 76.34263703227043 133
1750517848025 74.92399352788925 134
1750518213838 7.653155446052551 135
1750518565175 5.715660363435745 136
1750518917750 7.038778156042099 137
1750519279625 0.9114762544631958 138
1750519598684 0.9906483292579651 139
1750520648721 13.98715615272522 140
1750520982281 3.244921773672104 141
1750521336895 14.5650914311409 142
1750521679480 6.35036888718605 143
1750522038555 7.567084550857544 144
1750522374845 15.78376293182373 145
1750522705318 24.844044476747513 146
1750523030847 5.202860981225967 147
1750523374472 2.191234529018402 148
1750523694320 17.486094772815704 149
1750524719759 5.5434443056583405 150
1750525032970 0.8548197746276855 151
1750525354946 15.777023941278458 152
1750525677414 6.614117801189423 153
1750525997372 37.40596008300781 154
1750526323544 12.465682536363602 155
1750526653863 17.497865736484528 156
1750526979770 4.877752751111984 157
1750527311525 2.7447582483291626 158
1750527630532 0.7959894835948944 159
1750528511966 0.8635321855545044 160
1750528827885 3.635135293006897 161
1750529146063 20.76401001214981 162
1750529457979 0.7576540112495422 163
1750529771115 9.07198053598404 164
1750530078631 9.070962518453598 165
1750530382115 0.7940346002578735 166
1750530691782 2.8873827159404755 167
1750530989560 0.692003607749939 168
1750531278705 0.7545876801013947 169
1750532008171 0.7290427386760712 170
1750532288290 0.7053885757923126 171
1750532565634 9.594666182994843 172
1750532861050 7.89293959736824 173
1750533154806 12.106776595115662 174
1750533441192 34.60297340154648 175
1750533726194 0.7864577174186707 176
1750533997909 15.93138074874878 177
1750534268259 6.1298273503780365 178
1750534552013 14.122254848480225 179
1750535251430 13.704551041126251 180
1750535531196 1097.9557542800903 181
1750535811969 13416.60474461317 182
1750536091438 54.27327626943588 183
1750536367799 28.569040894508362 184
1750536672831 0.7044898271560669 185
1750536955205 2.6247937083244324 186
1750537247089 0.7307727634906769 187
1750537548642 0.7449900209903717 188
1750537862422 12.693015336990356 189
1750538654810 0.7981090545654297 190
1750538954617 22.631887823343277 191
1750539258386 2.954311966896057 192
1750539547146 0.8053622841835022 193
1750539842737 0.7656863927841187 194
1750540128683 0.7534758448600769 195
1750540405826 0.7868150770664215 196
1750540692466 0.7432849705219269 197
1750540973180 0.7599411606788635 198
1750541270685 0.7950726747512817 199
1750541989864 247.00223407149315 200
1750542267873 0.7740547358989716 201
1750542548953 8.379981905221939 202
1750542832769 0.795573353767395 203
1750543104263 22.83474001288414 204
1750543385257 0.8038513958454132 205
1750543651429 0.8399273455142975 206
1750543937350 0.7462158501148224 207
1750544206476 0.7734912931919098 208
1750544483514 0.8534464240074158 209
1750545129814 0.8332415819168091 210
1750545408626 91.44156566262245 211
1750545682279 0.7880473434925079 212
1750545954874 0.7578889727592468 213
1750546230031 0.861566811800003 214
1750546508009 0.7476184964179993 215
1750546777855 0.835420697927475 216
1750547058762 0.824676901102066 217
1750547317700 13.538646697998047 218
1750547595676 2.041906863451004 219
1750548245774 0.7112720608711243 220
1750548514137 0.8582628965377808 221
1750548767764 0.8460498750209808 222
1750549030480 0.7384387850761414 223
1750549284716 7.6270530223846436 224
1750549536555 0.8166933059692383 225
1750549789196 122.72049564123154 226
1750550054297 0.7068255841732025 227
1750550305629 0.7721813023090363 228
1750550574349 47.17952710390091 229
1750551257471 0.751411497592926 230
1750551524919 12.616057366132736 231
1750551790166 0.6878418028354645 232
1750552059496 3.5772610008716583 233
1750552333649 0.7473487555980682 234
1750552590382 7.326508820056915 235
1750552847177 0.7036054730415344 236
1750553114323 0.6769755780696869 237
1750553372220 0.7283104956150055 238
1750553641163 5.1881444454193115 239
1750554272843 3.3400167524814606 240
1750554532658 8.891669541597366 241
1750554807212 0.7727203071117401 242
1750555070866 4.747212201356888 243
1750555348177 20.287681341171265 244
1750555619029 0.7411396503448486 245
1750555912096 0.7621178030967712 246
1750556201548 0.733357310295105 247
1750556465995 0.8065408170223236 248
1750556780891 0.7945450842380524 249
1750557434440 13.17582643032074 250
1750557703331 0.7304727137088776 251
1750557977141 0.8062959611415863 252
1750558270312 9.961572498083115 253
1750558538189 0.7684848606586456 254
1750558818213 0.724294513463974 255
1750559082238 0.6388225555419922 256
1750559346839 0.6364803612232208 257
1750559607780 0.6657283008098602 258
1750559884350 6.7761474549770355 259
1750560510267 0.6237034797668457 260
1750560772825 0.7912233173847198 261
1750561042523 0.6360139548778534 262
1750561299174 0.5642060935497284 263
1750561558060 0.6493623852729797 264
1750561813783 0.6306914389133453 265
1750562080828 1.2996324002742767 266
1750562357766 0.6625542044639587 267
1750562618644 0.8539461493492126 268
1750562877322 0.6469545662403107 269
1750563572426 1.6814577281475067 270
1750563846289 3.553989827632904 271
1750564111453 0.6929779350757599 272
1750564385175 0.6675158441066742 273
1750564653742 0.7181857824325562 274
1750564938901 4.023404836654663 275
1750565205499 0.6862996518611908 276
1750565465980 0.6810636520385742 277
1750565726126 0.6632119417190552 278
1750565984939 0.6652322113513947 279
1750566634927 0.6857343912124634 280
1750566897081 0.6585580110549927 281
1750567156743 3.754414826631546 282
1750567416131 0.6411228775978088 283
1750567666229 0.5703803598880768 284
1750567916494 3.116647958755493 285
1750568163374 3.3452434837818146 286
1750568419893 0.6481655240058899 287
1750568668858 3.0696635246276855 288
1750568917138 0.6284416317939758 289
1750569517460 3.7610706984996796 290
1750569774871 0.5810196399688721 291
1750570017665 0.6322859525680542 292
1750570255484 2.5738778710365295 293
1750570499592 0.5968785583972931 294
1750570743114 0.6008664965629578 295
1750570978414 0.6536419093608856 296
1750571217660 0.6417333781719208 297
1750571446322 0.5605667233467102 298
1750571678782 0.6343593597412109 299
1750572286226 0.6461484134197235 300
1750572519633 0.6396785974502563 301
1750572752237 0.5535621345043182 302
1750572991831 0.625748336315155 303
1750573234036 0.5983036458492279 304
1750573474743 0.6535152792930603 305
1750573721816 9.791881889104843 306
1750573973234 0.6479063034057617 307
1750574214107 0.5985487997531891 308
1750574457892 0.6689363420009613 309
1750575028311 8.566159516572952 310
1750575289526 0.6180387437343597 311
1750575532092 12.101374298334122 312
1750575773233 15.162323594093323 313
1750576005294 0.5704477429389954 314
1750576241584 0.5915152430534363 315
1750576483151 11.677818834781647 316
1750576723255 0.6085848808288574 317
1750576965245 0.6062308251857758 318
1750577200702 0.6267646253108978 319
1750577743413 0.6040225028991699 320
1750577986432 0.6498044431209564 321
1750578221438 0.8744192719459534 322
1750578460447 0.6935499906539917 323
1750578717224 0.6143700480461121 324
1750578951944 0.6266718506813049 325
1750579187775 2.2420917451381683 326
1750579433673 0.6597709953784943 327
1750579672538 0.6274148225784302 328
1750579906586 0.5862108170986176 329
1750580437726 0.6336212754249573 330
1750580672853 0.6497181355953217 331
1750580907008 0.6453607380390167 332
1750581143983 0.7669744491577148 333
1750581389719 0.6507860124111176 334
1750581655932 0.6747200191020966 335
1750581897205 0.6797561943531036 336
1750582151126 0.6993313133716583 337
1750582400200 0.7019287943840027 338
1750582654460 5.482657074928284 339
1750583287182 0.7380248010158539 340
1750583545854 0.6591290235519409 341
1750583820405 0.7551073133945465 342
1750584086648 0.7329427301883698 343
1750584354456 0.7278501093387604 344
1750584624306 0.750485360622406 345
1750584881629 0.684967577457428 346
1750585136212 0.6245962083339691 347
1750585383584 0.6987644135951996 348
1750585633146 0.6854824423789978 349
1750586274948 0.6472591161727905 350
1750586529890 0.7056028544902802 351
1750586789633 0.6368331909179688 352
1750587046206 0.6921900808811188 353
1750587294912 6.538584262132645 354
1750587560299 0.7115757465362549 355
1750587831560 0.7513434290885925 356
1750588108048 1.5601465702056885 357
1750588384769 2.362984836101532 358
1750588652810 0.7969256639480591 359
1750589306668 0.7284691035747528 360
1750589578132 0.7975497841835022 361
1750589866094 0.7188892662525177 362
1750590140044 6.512041747570038 363
1750590410062 0.8188604414463043 364
1750590675051 0.7732556462287903 365
