1750481586734 1e-06 1
1750481724146 1e-06 2
1750481832814 1e-06 3
1750482016497 1e-06 4
1750482201301 1e-06 5
1750482380803 1e-06 6
1750482564390 1e-06 7
1750482745714 1e-06 8
1750482894864 1e-06 9
1750483320027 1e-06 10
1750483507848 1e-06 11
1750483697444 1e-06 12
1750483881875 1e-06 13
1750484072225 1e-06 14
1750484237673 1e-06 15
1750484426285 1e-06 16
1750484617699 1e-06 17
1750484810366 1e-06 18
1750485006758 1e-06 19
1750485461323 1e-06 20
1750485658690 1e-06 21
1750485856395 1e-06 22
1750486055923 1e-06 23
1750486255075 1e-06 24
1750486464304 1e-06 25
1750486670834 1e-06 26
1750486877955 1e-06 27
1750487090325 1e-06 28
1750487299022 1e-06 29
1750487900539 1e-06 30
1750488112613 1e-06 31
1750488331135 1e-06 32
1750488552314 1e-06 33
1750488763423 1e-06 34
1750488983091 1e-06 35
1750489201265 1e-06 36
1750489424197 1e-06 37
1750489639204 1e-06 38
1750489851844 1e-06 39
1750490401099 1e-06 40
1750490616254 1e-06 41
1750491049354 1e-06 42
1750491260613 1e-06 43
1750491474715 1e-06 44
1750491688598 1e-06 45
1750491903750 1e-06 46
1750492121865 1e-06 47
1750492345436 1e-06 48
1750492561225 1e-06 49
1750493146016 1e-06 50
1750493361671 1e-06 51
1750493578289 1e-06 52
1750493797259 1e-06 53
1750494011398 1e-06 54
1750494226708 1e-06 55
1750494443621 1e-06 56
1750494660401 1e-06 57
1750494883387 1e-06 58
1750495097515 1e-06 59
1750495625100 1e-06 60
1750495844165 1e-06 61
1750496077414 1e-06 62
1750496299699 1e-06 63
1750496513078 1e-06 64
1750496729600 1e-06 65
1750496948033 1e-06 66
1750497168813 1e-06 67
1750497387373 1e-06 68
1750497607822 1e-06 69
1750498117766 1e-06 70
1750498337646 1e-06 71
1750498561268 1e-06 72
1750498786743 1e-06 73
1750499003660 1e-06 74
1750499222479 1e-06 75
1750499451830 1e-06 76
1750499677281 1e-06 77
1750499896776 1e-06 78
1750500123128 1e-06 79
1750500701062 1e-06 80
1750500928911 1e-06 81
1750501153788 1e-06 82
1750501385461 1e-06 83
1750501616857 1e-06 84
1750501838041 1e-06 85
1750502063543 1e-06 86
1750502292394 1e-06 87
1750502520623 1e-06 88
1750502748231 1e-06 89
1750503369073 1e-06 90
1750503605433 1e-06 91
1750503844836 1e-06 92
1750504077800 1e-06 93
1750504320174 1e-06 94
1750504556423 1e-06 95
1750504786139 1e-06 96
1750505024333 1e-06 97
1750505260664 1e-06 98
1750505494707 1e-06 99
1750506066426 1e-06 100
1750506297986 1e-06 101
1750506542699 1e-06 102
1750506781651 1e-06 103
1750507043667 1e-06 104
1750507287503 1e-06 105
1750507525749 1e-06 106
1750507772569 1e-06 107
1750508018680 1e-06 108
1750508265530 1e-06 109
1750508828561 1e-06 110
1750509077573 1e-06 111
1750509321631 1e-06 112
1750509573962 1e-06 113
1750509825399 1e-06 114
1750510084926 1e-06 115
1750510359439 1e-06 116
1750510634817 1e-06 117
1750510912646 1e-06 118
1750511213840 1e-06 119
1750512203481 1e-06 120
1750512516319 1e-06 121
1750512830077 1e-06 122
1750513143484 1e-06 123
1750513442925 1e-06 124
1750513741978 1e-06 125
1750514046624 1e-06 126
1750514364120 1e-06 127
1750514695407 1e-06 128
1750515080354 1e-06 129
1750516315499 1e-06 130
1750516694296 1e-06 131
1750517095134 1e-06 132
1750517461997 1e-06 133
1750517848025 1e-06 134
1750518213838 1e-06 135
1750518565175 1e-06 136
1750518917750 1e-06 137
1750519279625 1e-06 138
1750519598684 1e-06 139
1750520648721 1e-06 140
1750520982281 1e-06 141
1750521336895 1e-06 142
1750521679480 1e-06 143
1750522038555 1e-06 144
1750522374845 1e-06 145
1750522705318 1e-06 146
1750523030847 1e-06 147
1750523374472 1e-06 148
1750523694320 1e-06 149
1750524719759 1e-06 150
1750525032970 1e-06 151
1750525354946 1e-06 152
1750525677414 1e-06 153
1750525997372 1e-06 154
1750526323544 1e-06 155
1750526653863 1e-06 156
1750526979770 1e-06 157
1750527311525 1e-06 158
1750527630532 1e-06 159
1750528511966 1e-06 160
1750528827885 1e-06 161
1750529146063 1e-06 162
1750529457979 1e-06 163
1750529771115 1e-06 164
1750530078631 1e-06 165
1750530382115 1e-06 166
1750530691782 1e-06 167
1750530989560 1e-06 168
1750531278705 1e-06 169
1750532008171 1e-06 170
1750532288290 1e-06 171
1750532565634 1e-06 172
1750532861050 1e-06 173
1750533154806 1e-06 174
1750533441192 1e-06 175
1750533726194 1e-06 176
1750533997909 1e-06 177
1750534268259 1e-06 178
1750534552013 1e-06 179
1750535251430 1e-06 180
1750535531196 1e-06 181
1750535811969 1e-06 182
1750536091438 1e-06 183
1750536367799 1e-06 184
1750536672831 1e-06 185
1750536955205 1e-06 186
1750537247089 1e-06 187
1750537548642 1e-06 188
1750537862422 1e-06 189
1750538654810 1e-06 190
1750538954617 1e-06 191
1750539258386 1e-06 192
1750539547146 1e-06 193
1750539842737 1e-06 194
1750540128683 1e-06 195
1750540405826 1e-06 196
1750540692466 1e-06 197
1750540973180 1e-06 198
1750541270685 1e-06 199
1750541989864 1e-06 200
1750542267873 1e-06 201
1750542548953 1e-06 202
1750542832769 1e-06 203
1750543104263 1e-06 204
1750543385257 1e-06 205
1750543651429 1e-06 206
1750543937350 1e-06 207
1750544206476 1e-06 208
1750544483514 1e-06 209
1750545129814 1e-06 210
1750545408626 1e-06 211
1750545682279 1e-06 212
1750545954874 1e-06 213
1750546230031 1e-06 214
1750546508009 1e-06 215
1750546777855 1e-06 216
1750547058762 1e-06 217
1750547317700 1e-06 218
1750547595676 1e-06 219
1750548245774 1e-06 220
1750548514137 1e-06 221
1750548767764 1e-06 222
1750549030480 1e-06 223
1750549284716 1e-06 224
1750549536555 1e-06 225
1750549789196 1e-06 226
1750550054297 1e-06 227
1750550305629 1e-06 228
1750550574349 1e-06 229
1750551257471 1e-06 230
1750551524919 1e-06 231
1750551790166 1e-06 232
1750552059496 1e-06 233
1750552333649 1e-06 234
1750552590382 1e-06 235
1750552847177 1e-06 236
1750553114323 1e-06 237
1750553372220 1e-06 238
1750553641163 1e-06 239
1750554272843 1e-06 240
1750554532658 1e-06 241
1750554807212 1e-06 242
1750555070866 1e-06 243
1750555348177 1e-06 244
1750555619029 1e-06 245
1750555912096 1e-06 246
1750556201548 1e-06 247
1750556465995 1e-06 248
1750556780891 1e-06 249
1750557434440 1e-06 250
1750557703331 1e-06 251
1750557977141 1e-06 252
1750558270312 1e-06 253
1750558538189 1e-06 254
1750558818213 1e-06 255
1750559082238 1e-06 256
1750559346839 1e-06 257
1750559607780 1e-06 258
1750559884350 1e-06 259
1750560510267 1e-06 260
1750560772825 1e-06 261
1750561042523 1e-06 262
1750561299174 1e-06 263
1750561558060 1e-06 264
1750561813783 1e-06 265
1750562080828 1e-06 266
1750562357766 1e-06 267
1750562618644 1e-06 268
1750562877322 1e-06 269
1750563572426 1e-06 270
1750563846289 1e-06 271
1750564111453 1e-06 272
1750564385175 1e-06 273
1750564653742 1e-06 274
1750564938901 1e-06 275
1750565205499 1e-06 276
1750565465980 1e-06 277
1750565726126 1e-06 278
1750565984939 1e-06 279
1750566634927 1e-06 280
1750566897081 1e-06 281
1750567156743 1e-06 282
1750567416131 1e-06 283
1750567666229 1e-06 284
1750567916494 1e-06 285
1750568163374 1e-06 286
1750568419893 1e-06 287
1750568668858 1e-06 288
1750568917138 1e-06 289
1750569517460 1e-06 290
1750569774871 1e-06 291
1750570017665 1e-06 292
1750570255484 1e-06 293
1750570499592 1e-06 294
1750570743114 1e-06 295
1750570978414 1e-06 296
1750571217660 1e-06 297
1750571446322 1e-06 298
1750571678782 1e-06 299
1750572286226 1e-06 300
1750572519633 1e-06 301
1750572752237 1e-06 302
1750572991831 1e-06 303
1750573234036 1e-06 304
1750573474743 1e-06 305
1750573721816 1e-06 306
1750573973234 1e-06 307
1750574214107 1e-06 308
1750574457892 1e-06 309
1750575028311 1e-06 310
1750575289526 1e-06 311
1750575532092 1e-06 312
1750575773233 1e-06 313
1750576005294 1e-06 314
1750576241584 1e-06 315
1750576483151 1e-06 316
1750576723255 1e-06 317
1750576965245 1e-06 318
1750577200702 1e-06 319
1750577743413 1e-06 320
1750577986432 1e-06 321
1750578221438 1e-06 322
1750578460447 1e-06 323
1750578717224 1e-06 324
1750578951944 1e-06 325
1750579187775 1e-06 326
1750579433673 1e-06 327
1750579672538 1e-06 328
1750579906586 1e-06 329
1750580437726 1e-06 330
1750580672853 1e-06 331
1750580907008 1e-06 332
1750581143983 1e-06 333
1750581389719 1e-06 334
1750581655932 1e-06 335
1750581897205 1e-06 336
1750582151126 1e-06 337
1750582400200 1e-06 338
1750582654460 1e-06 339
1750583287182 1e-06 340
1750583545854 1e-06 341
1750583820405 1e-06 342
1750584086648 1e-06 343
1750584354456 1e-06 344
1750584624306 1e-06 345
1750584881629 1e-06 346
1750585136212 1e-06 347
1750585383584 1e-06 348
1750585633146 1e-06 349
1750586274948 1e-06 350
1750586529890 1e-06 351
1750586789633 1e-06 352
1750587046206 1e-06 353
1750587294912 1e-06 354
1750587560299 1e-06 355
1750587831560 1e-06 356
1750588108048 1e-06 357
1750588384769 1e-06 358
1750588652810 1e-06 359
1750589306668 1e-06 360
1750589578132 1e-06 361
1750589866094 1e-06 362
1750590140044 1e-06 363
1750590410062 1e-06 364
1750590675051 1e-06 365
