1750481586734 0.7950462897618612 1
1750481724146 0.6872654557228088 2
1750481832814 0.7890477691377912 3
1750482016497 0.6851474940776825 4
1750482201301 0.7917065521081289 5
1750482380803 0.7877788543701172 6
1750482564390 0.7990672758647374 7
1750482745714 0.7915448376110622 8
1750482894864 0.6709238716534206 9
1750483320027 0.7941516041755676 10
1750483507848 0.6857800111174583 11
1750483697444 0.7983143329620361 12
1750483881875 0.8058975711464882 13
1750484072225 0.6892122477293015 14
1750484237673 0.796722378049578 15
1750484426285 0.6873310208320618 16
1750484617699 0.7962710112333298 17
1750484810366 0.7814164310693741 18
1750485006758 0.7076825872063637 19
1750485461323 0.6904423013329506 20
1750485658690 0.8026711568236351 21
1750485856395 0.798530325293541 22
1750486055923 0.7987411543726921 23
1750486255075 0.7927592843770981 24
1750486464304 0.7958730384707451 25
1750486670834 0.7873139977455139 26
1750486877955 0.5997494459152222 27
1750487090325 0.7067202462090386 28
1750487299022 0.8094150573015213 29
1750487900539 0.5668714702129364 30
1750488112613 0.8005926873948839 31
1750488331135 0.8070584461092949 32
1750488552314 0.7171959810786777 33
1750488763423 0.6270728508631388 34
1750488983091 0.8097279998991225 35
1750489201265 0.7203427970409393 36
1750489424197 0.6298475861549377 37
1750489639204 0.7953076892428927 38
1750489851844 0.8122554361820221 39
1750490401099 0.7008114606142044 40
1750490616254 0.8051656857132912 41
1750491049354 0.7231132719251845 42
1750491260613 0.7988473905457391 43
1750491474715 0.8156178772449494 44
1750491688598 0.705776609480381 45
1750491903750 0.7974767610430717 46
1750492121865 0.647358775138855 47
1750492345436 0.723346836037106 48
1750492561225 0.6137949228286743 49
1750493146016 0.5500815451145172 50
1750493361671 0.7158037291632758 51
1750493578289 0.6849503740668297 52
1750493797259 0.7203039407730103 53
1750494011398 0.7942446768283844 54
1750494226708 0.6208873722288344 55
1750494443621 0.7054433226585388 56
1750494660401 0.7185472309589386 57
1750494883387 0.7171255469322204 58
1750495097515 0.8166077136993408 59
1750495625100 0.7929265764024522 60
1750495844165 0.6459381699562072 61
1750496077414 0.7272350192070007 62
1750496299699 0.7231021344661712 63
1750496513078 0.8103208616375923 64
1750496729600 0.7277427911758423 65
1750496948033 0.7270866751670837 66
1750497168813 0.7265547037124633 67
1750497387373 0.7988874673843384 68
1750497607822 0.549675981203715 69
1750498117766 0.7169418732325236 70
1750498337646 0.7288630962371826 71
1750498561268 0.5725199818611145 72
1750498786743 0.7315609753131866 73
1750499003660 0.7186713963747025 74
1750499222479 0.7332627892494201 75
1750499451830 0.6500620722770691 76
1750499677281 0.7258414566516876 77
1750499896776 0.8033073941866556 78
1750500123128 0.5682806968688965 79
1750500701062 0.6454781413078308 80
1750500928911 0.8186416864395142 81
1750501153788 0.6555445909500122 82
1750501385461 0.6632216030901129 83
1750501616857 0.5713759422302246 84
1750501838041 0.7312772572040558 85
1750502063543 0.8169428884983063 86
1750502292394 0.6409643769264222 87
1750502520623 0.5958071080121127 88
1750502748231 0.6617832183837891 89
1750503369073 0.7400039705363187 90
1750503605433 0.8149050772190094 91
1750503844836 0.6480080544948578 92
1750504077800 0.8120898544788361 93
1750504320174 0.8003817417404868 94
1750504556423 0.7338309645652771 95
1750504786139 0.7277089774608612 96
1750505024333 0.5626461029052734 97
1750505260664 0.7298156261444092 98
1750505494707 0.8167912304401398 99
1750506066426 0.7395415143533186 100
1750506297986 0.819447273015976 101
1750506542699 0.8138016164302826 102
1750506781651 0.8095198452472687 103
1750507043667 0.7378426952795549 104
1750507287503 0.826816713809967 105
1750507525749 0.5177052942189303 106
1750507772569 0.6795593152443568 107
1750508018680 0.6851823776960373 108
1750508265530 0.6832489172617594 109
1750508828561 0.5428953170776367 110
1750509077573 0.4784383525451024 111
1750509321631 0.5337862372398376 112
1750509573962 0.6111806929111481 113
1750509825399 0.6287109209940984 114
1750510084926 0.43926154650174654 115
1750510359439 0.630553662776947 116
1750510634817 0.3272179285685221 117
1750510912646 0.5185722879001072 118
1750511213840 0.612926535308361 119
1750512203481 0.581138905356912 120
1750512516319 0.47917570436702056 121
1750512830077 0.49350369307729935 122
1750513143484 0.5277093263233409 123
1750513442925 0.6574072763323784 124
1750513741978 0.46572331339120865 125
1750514046624 0.5133996158838272 126
1750514364120 0.42752975926679726 127
1750514695407 0.6305444108115302 128
1750515080354 0.389141891683851 129
1750516315499 0.48689543306827543 130
1750516694296 0.5438980602082752 131
1750517095134 0.4296301858765738 132
1750517461997 0.5348883152008057 133
1750517848025 0.42785158043815974 134
1750518213838 0.4493442475795746 135
1750518565175 0.6030687689781189 136
1750518917750 0.3418375912465547 137
1750519279625 0.7317502134376102 138
1750519598684 0.40449365311198765 139
1750520648721 0.49908801250987583 140
1750520982281 0.5888612336582608 141
1750521336895 0.4908793121576309 142
1750521679480 0.3388666134131582 143
1750522038555 0.4081801341639625 144
1750522374845 0.5665713578462601 145
1750522705318 0.5636880460538363 146
1750523030847 0.5876177450021108 147
1750523374472 0.6033046182833219 148
1750523694320 0.4938870436615414 149
1750524719759 0.5044391552607218 150
1750525032970 0.49370385540856254 151
1750525354946 0.4506005413002438 152
1750525677414 0.4513753553231557 153
1750525997372 0.5015789369742075 154
1750526323544 0.5961955421500735 155
1750526653863 0.5984981844299718 156
1750526979770 0.5044386287530264 157
1750527311525 0.4551031059688992 158
1750527630532 0.4045383897092607 159
1750528511966 0.5127500519156456 160
1750528827885 0.47816379981882434 161
1750529146063 0.5330047993098989 162
1750529457979 0.5395544071992239 163
1750529771115 0.678977955790127 164
1750530078631 0.7144874818623066 165
1750530382115 0.5089882612228394 166
1750530691782 0.5745138736332164 167
1750530989560 0.5642750635743141 168
1750531278705 0.6184957660734653 169
1750532008171 0.5077841654419899 170
1750532288290 0.5910277207692464 171
1750532565634 0.5278872804982322 172
1750532861050 0.5110696628689766 173
1750533154806 0.7108154416084289 174
1750533441192 0.6969814343111855 175
1750533726194 0.5169896313122341 176
1750533997909 0.689193633886484 177
1750534268259 0.5829368148531232 178
1750534552013 0.6606848835945129 179
1750535251430 0.5931258414472852 180
1750535531196 0.6404767760208675 181
1750535811969 0.5808244901044028 182
1750536091438 0.7640125453472137 183
1750536367799 0.47125676700047087 184
1750536672831 0.6512434919675191 185
1750536955205 0.47133369956697735 186
1750537247089 0.6479736049969991 187
1750537548642 0.542237377166748 188
1750537862422 0.7264881506562233 189
1750538654810 0.5117426961660385 190
1750538954617 0.6144077144563198 191
1750539258386 0.6204627193510532 192
1750539547146 0.6595786412556967 193
1750539842737 0.5847425077642713 194
1750540128683 0.5847368878977639 195
1750540405826 0.765384737934385 196
1750540692466 0.46638145191328867 197
1750540973180 0.5259904818875449 198
1750541270685 0.49016854365666707 199
1750541989864 0.5391331752141316 200
1750542267873 0.5211356452533177 201
1750542548953 0.6515597899754842 202
1750542832769 0.5804774335452488 203
1750543104263 0.5376059072358268 204
1750543385257 0.7036589554377964 205
1750543651429 0.5906966839517865 206
1750543937350 0.41589819959231783 207
1750544206476 0.5866049102374485 208
1750544483514 0.4409741759300232 209
1750545129814 0.6560394724210104 210
1750545408626 0.657110603650411 211
1750545682279 0.6932790875434875 212
1750545954874 0.5818213522434235 213
1750546230031 0.6370593309402466 214
1750546508009 0.6287318055446331 215
1750546777855 0.41390842625073027 216
1750547058762 0.5830223262310028 217
1750547317700 0.7607893645763397 218
1750547595676 0.4706072849886758 219
1750548245774 0.6819726377725601 220
1750548514137 0.5284707929406848 221
1750548767764 0.6269209889265207 222
1750549030480 0.6749700208504995 223
1750549284716 0.6072381983200709 224
1750549536555 0.6888222297032675 225
1750549789196 0.7460056195656458 226
1750550054297 0.7438198377688726 227
1750550305629 0.6130731453498205 228
1750550574349 0.7582618089822623 229
1750551257471 0.7663176698344094 230
1750551524919 0.5473105212052664 231
1750551790166 0.6319971038745 232
1750552059496 0.5800996082169669 233
1750552333649 0.5449125448862712 234
1750552590382 0.47451135019461316 235
1750552847177 0.683607483903567 236
1750553114323 0.5282978543213436 237
1750553372220 0.5607846608528724 238
1750553641163 0.34746777585574556 239
1750554272843 0.6246359439996573 240
1750554532658 0.6428364132131849 241
1750554807212 0.5219605054174151 242
1750555070866 0.7505828188015864 243
1750555348177 0.534524462052754 244
1750555619029 0.4056532723563058 245
1750555912096 0.6174989305436611 246
1750556201548 0.5241566981588092 247
1750556465995 0.5221242691789355 248
1750556780891 0.3271937290827433 249
1750557434440 0.4658427962235042 250
1750557703331 0.6910132078024057 251
1750557977141 0.6468496237482343 252
1750558270312 0.6506297077451434 253
1750558538189 0.57125802223499 254
1750558818213 0.6379562062876565 255
1750559082238 0.5776195781571525 256
1750559346839 0.6942258431361272 257
1750559607780 0.6149826298157374 258
1750559884350 0.7045240657670158 259
1750560510267 0.6889145622650782 260
1750560772825 0.7440589666366577 261
1750561042523 0.6967789347355182 262
1750561299174 0.6178988566001257 263
1750561558060 0.5740602704194876 264
1750561813783 0.5848056035382407 265
1750562080828 0.768479388493758 266
1750562357766 0.696022052031297 267
1750562618644 0.6916611653107864 268
1750562877322 0.5029730750964239 269
1750563572426 0.5454104701677959 270
1750563846289 0.6259108552565942 271
1750564111453 0.6304939205829914 272
1750564385175 0.5812389382294246 273
1750564653742 0.616500531633695 274
1750564938901 0.6986395854216355 275
1750565205499 0.6559350788593292 276
1750565465980 0.6854111827336825 277
1750565726126 0.8271457507060125 278
1750565984939 0.47679954767227173 279
1750566634927 0.5607200219080999 280
1750566897081 0.544803316394488 281
1750567156743 0.5544020029214712 282
1750567416131 0.7534306595722834 283
1750567666229 0.6832924435536066 284
1750567916494 0.41097603738307953 285
1750568163374 0.6174162278572718 286
1750568419893 0.7443119138479233 287
1750568668858 0.7449441105127335 288
1750568917138 0.7540511339902878 289
1750569517460 0.545899972319603 290
1750569774871 0.6720791296525435 291
1750570017665 0.6712539521130648 292
1750570255484 0.6649205359545621 293
1750570499592 0.6135395218928655 294
1750570743114 0.5481528490781784 295
1750570978414 0.6732262481342662 296
1750571217660 0.7457993527253469 297
1750571446322 0.7384339213371277 298
1750571678782 0.742617585442283 299
1750572286226 0.683196172118187 300
1750572519633 0.747743546962738 301
1750572752237 0.5280907316641374 302
1750572991831 0.8227208356062571 303
1750573234036 0.7385111993009393 304
1750573474743 0.6821595331033071 305
1750573721816 0.4802500158548355 306
1750573973234 0.6926389982302984 307
1750574214107 0.5875838940793817 308
1750574457892 0.6852032343546549 309
1750575028311 0.7457043727238973 310
1750575289526 0.8264029838822105 311
1750575532092 0.7597630967696508 312
1750575773233 0.7462321628223766 313
1750576005294 0.819624787569046 314
1750576241584 0.668667961250652 315
1750576483151 0.5998365987430919 316
1750576723255 0.67821359092539 317
1750576965245 0.6110829164584478 318
1750577200702 0.7476454214616255 319
1750577743413 0.5949296409433539 320
1750577986432 0.6222026348114014 321
1750578221438 0.7432819550687616 322
1750578460447 0.5426293512185415 323
1750578717224 0.686316912372907 324
1750578951944 0.7495110956105319 325
1750579187775 0.6670179475437511 326
1750579433673 0.48042915761470795 327
1750579672538 0.6062306066354116 328
1750579906586 0.3244699239730835 329
1750580437726 0.6548170208930969 330
1750580672853 0.7400290131568908 331
1750580907008 0.7486255764961243 332
1750581143983 0.6549098789691925 333
1750581389719 0.7489733298619589 334
1750581655932 0.676708313551816 335
1750581897205 0.7554125027223066 336
1750582151126 0.5320141116778055 337
1750582400200 0.6860663642485937 338
1750582654460 0.6903547098239263 339
1750583287182 0.6819855570793152 340
1750583545854 0.6831621179978052 341
1750583820405 0.8147346590246473 342
1750584086648 0.4631207287311554 343
1750584354456 0.5913696331637246 344
1750584624306 0.5339417840753283 345
1750584881629 0.6207267940044403 346
1750585136212 0.4787323276201884 347
1750585383584 0.6795565237601598 348
1750585633146 0.765871355166802 349
1750586274948 0.678913488984108 350
1750586529890 0.7450924714406332 351
1750586789633 0.7022754137332623 352
1750587046206 0.7565422753492991 353
1750587294912 0.6338012356024522 354
1750587560299 0.44200897675294143 355
1750587831560 0.44143946354205793 356
1750588108048 0.6434267163276672 357
1750588384769 0.579098003251212 358
1750588652810 0.5048352755033053 359
1750589306668 0.41422164865902494 360
1750589578132 0.4636801225798471 361
1750589866094 0.5667465813457966 362
1750590140044 0.7047592273780278 363
1750590410062 0.47434960518564495 364
1750590675051 0.6361337991861197 365
