1750481586734 -0.6956655184427897 1
1750481724146 -0.6013572514057159 2
1750481832814 -0.690416761807033 3
1750482016497 -0.5995040535926819 4
1750482201301 -0.6268543303012848 5
1750482380803 -0.6893064975738525 6
1750482564390 -0.6991839068276542 7
1750482745714 -0.6863456623894828 8
1750482894864 -0.5729086569377354 9
1750483320027 -0.6892251287187848 10
1750483507848 -0.6000574976205826 11
1750483697444 -0.6968537718057632 12
1750483881875 -0.7051603868603706 13
1750484072225 -0.5988573655486107 14
1750484237673 -0.6971321191106524 15
1750484426285 -0.601414643228054 16
1750484617699 -0.6842963248491287 17
1750484810366 -0.6820573434233665 18
1750485006758 -0.6192222759127617 19
1750485461323 -0.6031852960586548 20
1750485658690 -0.6897457987070084 21
1750485856395 -0.6862150728702545 22
1750486055923 -0.6918346509337425 23
1750486255075 -0.6623518988490105 24
1750486464304 -0.6425678357481956 25
1750486670834 -0.6748744323849678 26
1750486877955 -0.46838606148958206 27
1750487090325 -0.5776510900921292 28
1750487299022 -0.6898364350199699 29
1750487900539 -0.47476646304130554 30
1750488112613 -0.5834889941745334 31
1750488331135 -0.6845611110329628 32
1750488552314 -0.5672880146238539 33
1750488763423 -0.5233117408222623 34
1750488983091 -0.5273318356937833 35
1750489201265 -0.5637649297714233 36
1750489424197 -0.4383148815896776 37
1750489639204 -0.5819154845343696 38
1750489851844 -0.5568459644913674 39
1750490401099 -0.5077335722744465 40
1750490616254 -0.6142088510096073 41
1750491049354 -0.555788497130076 42
1750491260613 -0.6048623323440552 43
1750491474715 -0.536785614490509 44
1750491688598 -0.5623005107045174 45
1750491903750 -0.546027634292841 46
1750492121865 -0.532746034860611 47
1750492345436 -0.4854781726996104 48
1750492561225 -0.46860577331648934 49
1750493146016 -0.41386871933937075 50
1750493361671 -0.551352878411611 51
1750493578289 -0.4344955086708069 52
1750493797259 -0.5351005852222442 53
1750494011398 -0.5343784689903259 54
1750494226708 -0.42794082893265617 55
1750494443621 -0.4964993931353092 56
1750494660401 -0.41819608509540557 57
1750494883387 -0.5093166895210743 58
1750495097515 -0.5642387059827646 59
1750495625100 -0.6215413841936324 60
1750495844165 -0.49553033113479616 61
1750496077414 -0.5894766271114349 62
1750496299699 -0.5521969497203827 63
1750496513078 -0.519974073395133 64
1750496729600 -0.5654044061899185 65
1750496948033 -0.5530937761068344 66
1750497168813 -0.4922230005264282 67
1750497387373 -0.48154382705688475 68
1750497607822 -0.44635313087039524 69
1750498117766 -0.5931143197748396 70
1750498337646 -0.578801503777504 71
1750498561268 -0.3771879136562347 72
1750498786743 -0.552052453160286 73
1750499003660 -0.5883838757872581 74
1750499222479 -0.5539585575461388 75
1750499451830 -0.4277597673237324 76
1750499677281 -0.46970398873090746 77
1750499896776 -0.5549438728226556 78
1750500123128 -0.40924918949604033 79
1750500701062 -0.5034552693367005 80
1750500928911 -0.5210097409784794 81
1750501153788 -0.4810052216053009 82
1750501385461 -0.5259469205682928 83
1750501616857 -0.3804768830537796 84
1750501838041 -0.51439009308815 85
1750502063543 -0.636699452996254 86
1750502292394 -0.467411595582962 87
1750502520623 -0.39186948808756744 88
1750502748231 -0.4662560909986496 89
1750503369073 -0.5341566150838678 90
1750503605433 -0.5652826622128486 91
1750503844836 -0.5342033803462982 92
1750504077800 -0.47559748589992523 93
1750504320174 -0.48043580962853 94
1750504556423 -0.5656226396560669 95
1750504786139 -0.5287952601909638 96
1750505024333 -0.42729187607765196 97
1750505260664 -0.5379329293966293 98
1750505494707 -0.4737435936927795 99
1750506066426 -0.5780163624069907 100
1750506297986 -0.6210413634777069 101
1750506542699 -0.6027361551920573 102
1750506781651 -0.5791680127382278 103
1750507043667 -0.5582749599760229 104
1750507287503 -0.47904144823551176 105
1750507525749 -0.36085286194627936 106
1750507772569 -0.47439232965310413 107
1750508018680 -0.4892963506281376 108
1750508265530 -0.5020388675232729 109
1750508828561 -0.3515677750110626 110
1750509077573 -0.3287640040119489 111
1750509321631 -0.3879591089983781 112
1750509573962 -0.37933776279290515 113
1750509825399 -0.48378294247847337 114
1750510084926 -0.3021007741873081 115
1750510359439 -0.4135916956833431 116
1750510634817 -0.19429254134496052 117
1750510912646 -0.34367580498967853 118
1750511213840 -0.40515242144465446 119
1750512203481 -0.4182598792454776 120
1750512516319 -0.35770771520979266 121
1750512830077 -0.3482685883839925 122
1750513143484 -0.3374590041006313 123
1750513442925 -0.4505155961960554 124
1750513741978 -0.2364999665878713 125
1750514046624 -0.3819166710600257 126
1750514364120 -0.2991444293190451 127
1750514695407 -0.4230934778849284 128
1750515080354 -0.2617030115354629 129
1750516315499 -0.35924186892807486 130
1750516694296 -0.4398123480024792 131
1750517095134 -0.3018790426708403 132
1750517461997 -0.4421386867761612 133
1750517848025 -0.32662190142131986 134
1750518213838 -0.342635802924633 135
1750518565175 -0.4334766668708701 136
1750518917750 -0.2884063814815722 137
1750519279625 -0.5658913167814413 138
1750519598684 -0.26709355413913727 139
1750520648721 -0.36338701016373104 140
1750520982281 -0.4390251172913445 141
1750521336895 -0.34683442413806914 142
1750521679480 -0.2713199257850647 143
1750522038555 -0.29539669967359966 144
1750522374845 -0.35232317000627517 145
1750522705318 -0.3828093872258538 146
1750523030847 -0.4409152898523543 147
1750523374472 -0.4134293331911689 148
1750523694320 -0.33817770663234925 149
1750524719759 -0.3821075161298116 150
1750525032970 -0.36565059920152027 151
1750525354946 -0.38892347945107353 152
1750525677414 -0.3247691790262858 153
1750525997372 -0.37014246318075394 154
1750526323544 -0.3964926203091939 155
1750526653863 -0.4896276201072492 156
1750526979770 -0.2969965102771918 157
1750527311525 -0.3343355821238624 158
1750527630532 -0.2690340768959787 159
1750528511966 -0.3367437422275543 160
1750528827885 -0.38019756534520316 161
1750529146063 -0.4137120001456317 162
1750529457979 -0.41970864103900063 163
1750529771115 -0.47685671729200024 164
1750530078631 -0.4314686059951782 165
1750530382115 -0.3161158561706543 166
1750530691782 -0.3890335682560416 167
1750530989560 -0.4536139238625765 168
1750531278705 -0.48615762591362 169
1750532008171 -0.36672362871468067 170
1750532288290 -0.3690920054912567 171
1750532565634 -0.37498164602688383 172
1750532861050 -0.4134702906012535 173
1750533154806 -0.5028245111306509 174
1750533441192 -0.49678966615881237 175
1750533726194 -0.36674782633781433 176
1750533997909 -0.3799975938521899 177
1750534268259 -0.3675407405410494 178
1750534552013 -0.44077476660410564 179
1750535251430 -0.4416780812399728 180
1750535531196 -0.4128156751394272 181
1750535811969 -0.36248256478990826 182
1750536091438 -0.5035926651741777 183
1750536367799 -0.38932372842516216 184
1750536672831 -0.42758655150731406 185
1750536955205 -0.29486546239682604 186
1750537247089 -0.4620366593201955 187
1750537548642 -0.4363630433877309 188
1750537862422 -0.4815752925351262 189
1750538654810 -0.3523050085641444 190
1750538954617 -0.48523769341409206 191
1750539258386 -0.4475107006728649 192
1750539547146 -0.4942397475242615 193
1750539842737 -0.4363520363611834 194
1750540128683 -0.4512070821864264 195
1750540405826 -0.5559934047716004 196
1750540692466 -0.28661586557115826 197
1750540973180 -0.4059115839856012 198
1750541270685 -0.4014323850472768 199
1750541989864 -0.39932635029157004 200
1750542267873 -0.4009010536330087 201
1750542548953 -0.4260539531707764 202
1750542832769 -0.4137744371380125 203
1750543104263 -0.32395635758127483 204
1750543385257 -0.5360937725220408 205
1750543651429 -0.4095874386174338 206
1750543937350 -0.3371830029147012 207
1750544206476 -0.36692444341523306 208
1750544483514 -0.3104804754257202 209
1750545129814 -0.5022295892238617 210
1750545408626 -0.4770790656407674 211
1750545682279 -0.40445988305977415 212
1750545954874 -0.41813602830682484 213
1750546230031 -0.43832316781793323 214
1750546508009 -0.46294816640707165 215
1750546777855 -0.29656316127095905 216
1750547058762 -0.4131288230419159 217
1750547317700 -0.5178832539490291 218
1750547595676 -0.3319144483123507 219
1750548245774 -0.4788528059919675 220
1750548514137 -0.34785102733543943 221
1750548767764 -0.40592906796015227 222
1750549030480 -0.47496963789065677 223
1750549284716 -0.4124287615219752 224
1750549536555 -0.45450546592473984 225
1750549789196 -0.42458292345205945 226
1750550054297 -0.4968213389317195 227
1750550305629 -0.46589966615041095 228
1750550574349 -0.6067497042509226 229
1750551257471 -0.5050875826605729 230
1750551524919 -0.3703619986772537 231
1750551790166 -0.47559383053046006 232
1750552059496 -0.43015719950199127 233
1750552333649 -0.40198297103246056 234
1750552590382 -0.3477282871802648 235
1750552847177 -0.4841569283356269 236
1750553114323 -0.3096805768353598 237
1750553372220 -0.418913680773515 238
1750553641163 -0.27778405802590506 239
1750554272843 -0.43172624477973354 240
1750554532658 -0.4394425026008061 241
1750554807212 -0.3336742009435381 242
1750555070866 -0.5417589270151578 243
1750555348177 -0.36951531895569395 244
1750555619029 -0.29719889696155277 245
1750555912096 -0.36418863479048014 246
1750556201548 -0.3165802838546889 247
1750556465995 -0.40243918342249735 248
1750556780891 -0.19602328936258953 249
1750557434440 -0.33596609107085634 250
1750557703331 -0.5061318782659677 251
1750557977141 -0.4016657072518553 252
1750558270312 -0.5006597329463277 253
1750558538189 -0.3145888075232506 254
1750558818213 -0.4844882232802255 255
1750559082238 -0.4127527656299727 256
1750559346839 -0.4675765839906839 257
1750559607780 -0.40949367980162305 258
1750559884350 -0.5396001530545098 259
1750560510267 -0.5503838732838631 260
1750560772825 -0.49662019809087116 261
1750561042523 -0.49099305730599624 262
1750561299174 -0.4646309018135071 263
1750561558060 -0.3137484800357085 264
1750561813783 -0.3939201906323433 265
1750562080828 -0.4286713141661424 266
1750562357766 -0.4410470798611641 267
1750562618644 -0.31296132046442765 268
1750562877322 -0.3358215552109938 269
1750563572426 -0.39202883740266165 270
1750563846289 -0.46138389293964094 271
1750564111453 -0.3217748569754454 272
1750564385175 -0.4051112490040915 273
1750564653742 -0.4313577984770139 274
1750564938901 -0.5260037481784821 275
1750565205499 -0.5349888269390378 276
1750565465980 -0.5413853617814871 277
1750565726126 -0.44149410953888524 278
1750565984939 -0.2678298180301984 279
1750566634927 -0.4355086317429176 280
1750566897081 -0.2786619619776805 281
1750567156743 -0.3664113856278933 282
1750567416131 -0.5534495388468107 283
1750567666229 -0.49488462259372074 284
1750567916494 -0.2869073376059532 285
1750568163374 -0.4954622983932495 286
1750568419893 -0.47593782593806583 287
1750568668858 -0.5336026375492414 288
1750568917138 -0.5289764826496443 289
1750569517460 -0.40177497267723083 290
1750569774871 -0.5246903733773665 291
1750570017665 -0.44029738449237565 292
1750570255484 -0.3527128574523059 293
1750570499592 -0.45255566636721295 294
1750570743114 -0.4162515600522359 295
1750570978414 -0.4927935681559823 296
1750571217660 -0.43340086564421654 297
1750571446322 -0.5448410719633102 298
1750571678782 -0.42969195409254596 299
1750572286226 -0.40904352938135463 300
1750572519633 -0.5646528249437158 301
1750572752237 -0.3047139556570487 302
1750572991831 -0.576477641860644 303
1750573234036 -0.4880939396944913 304
1750573474743 -0.4152569994330406 305
1750573721816 -0.33980227758487064 306
1750573973234 -0.49945949018001556 307
1750574214107 -0.2253437638282776 308
1750574457892 -0.5140898252526919 309
1750575028311 -0.4952664164205392 310
1750575289526 -0.6303029737689279 311
1750575532092 -0.5276771889378628 312
1750575773233 -0.519749484278939 313
1750576005294 -0.6259226262569427 314
1750576241584 -0.5268781158057126 315
1750576483151 -0.42017002268271014 316
1750576723255 -0.49130872975696216 317
1750576965245 -0.5172482778628668 318
1750577200702 -0.5038987831635908 319
1750577743413 -0.38918814063072205 320
1750577986432 -0.39385887918372947 321
1750578221438 -0.45687986503947864 322
1750578460447 -0.3780848893026511 323
1750578717224 -0.49208233257134754 324
1750578951944 -0.5223649713126096 325
1750579187775 -0.44000842896374787 326
1750579433673 -0.35745426267385483 327
1750579672538 -0.44511307775974274 328
1750579906586 -0.24354812502861023 329
1750580437726 -0.4994566798210144 330
1750580672853 -0.5053914666175843 331
1750580907008 -0.45445551113648847 332
1750581143983 -0.4127716988325119 333
1750581389719 -0.5102524068206549 334
1750581655932 -0.4642099602655931 335
1750581897205 -0.5112843405116688 336
1750582151126 -0.3350795426716407 337
1750582400200 -0.46420080587267876 338
1750582654460 -0.4436804379026095 339
1750583287182 -0.39729124307632446 340
1750583545854 -0.5603378216425577 341
1750583820405 -0.584396705031395 342
1750584086648 -0.31280568880694254 343
1750584354456 -0.371793124292578 344
1750584624306 -0.3391492781894548 345
1750584881629 -0.39298054824272793 346
1750585136212 -0.32100067287683487 347
1750585383584 -0.4421199206262827 348
1750585633146 -0.5197139909634223 349
1750586274948 -0.5162534527480602 350
1750586529890 -0.4523498862981796 351
1750586789633 -0.43107378482818604 352
1750587046206 -0.5241718652347723 353
1750587294912 -0.36613209259051543 354
1750587560299 -0.24935738570415056 355
1750587831560 -0.3158099880585304 356
1750588108048 -0.44231551779167994 357
1750588384769 -0.3403455636331013 358
1750588652810 -0.3562615467951848 359
1750589306668 -0.2329350390604564 360
1750589578132 -0.2833124910082136 361
1750589866094 -0.37311106640845537 362
1750590140044 -0.4540837412433965 363
1750590410062 -0.2462459376880101 364
1750590675051 -0.40862148770919215 365
