1750481586734 0.7239187359809875 1
1750481724146 0.6144244521856308 2
1750481832814 0.7133069378989083 3
1750482016497 0.6095975637435913 4
1750482201301 0.7151225209236145 5
1750482380803 0.7025499173573085 6
1750482564390 0.7320117950439453 7
1750482745714 0.7142178841999599 8
1750482894864 0.5973158478736877 9
1750483320027 0.7198586889675685 10
1750483507848 0.6125575006008148 11
1750483697444 0.7323538586497307 12
1750483881875 0.7437447682023048 13
1750484072225 0.6208819448947906 14
1750484237673 0.7256729773112706 15
1750484426285 0.6130139157176018 16
1750484617699 0.7242473065853119 17
1750484810366 0.6924964487552643 18
1750485006758 0.6566725596785545 19
1750485461323 0.6208952218294144 20
1750485658690 0.7356054112315178 21
1750485856395 0.7300214692950249 22
1750486055923 0.7317040264606476 23
1750486255075 0.7151973396539688 24
1750486464304 0.7188803255558014 25
1750486670834 0.7039109021425247 26
1750486877955 0.5433621481060982 27
1750487090325 0.639801972442203 28
1750487299022 0.7497004717588425 29
1750487900539 0.5233278453350068 30
1750488112613 0.7299694750044081 31
1750488331135 0.7418728992342949 32
1750488552314 0.6571706665886773 33
1750488763423 0.5744747983084785 34
1750488983091 0.7444562249713473 35
1750489201265 0.6498032808303833 36
1750489424197 0.5811557637320625 37
1750489639204 0.7098308801651001 38
1750489851844 0.7489177584648132 39
1750490401099 0.6310711726546288 40
1750490616254 0.7340984866023064 41
1750491049354 0.6673767036861844 42
1750491260613 0.7196882168451945 43
1750491474715 0.7509261488914489 44
1750491688598 0.6436927914619446 45
1750491903750 0.7180352434515953 46
1750492121865 0.5935508370399475 47
1750492345436 0.6652510629759895 48
1750492561225 0.5370598170492384 49
1750493146016 0.4807534635066986 50
1750493361671 0.6477653649118211 51
1750493578289 0.5959267467260361 52
1750493797259 0.6500070631504059 53
1750494011398 0.7033333852887154 54
1750494226708 0.5522998836305406 55
1750494443621 0.6426631584763527 56
1750494660401 0.640867042541504 57
1750494883387 0.6467097580432892 58
1750495097515 0.7501352098253038 59
1750495625100 0.7040405803256564 60
1750495844165 0.5843156814575196 61
1750496077414 0.6583813607692719 62
1750496299699 0.6501182556152344 63
1750496513078 0.7363476827740669 64
1750496729600 0.6591439545154572 65
1750496948033 0.6553440868854523 66
1750497168813 0.6555653393268586 67
1750497387373 0.7100626349449157 68
1750497607822 0.5123250815603468 69
1750498117766 0.6464050014813741 70
1750498337646 0.659429955482483 71
1750498561268 0.5260006606578826 72
1750498786743 0.6637705266475677 73
1750499003660 0.6663308218121529 74
1750499222479 0.6669982731342315 75
1750499451830 0.5898706495761872 76
1750499677281 0.6554508686065674 77
1750499896776 0.7245281073782179 78
1750500123128 0.515245008468628 79
1750500701062 0.5814630448818207 80
1750500928911 0.7541279077529908 81
1750501153788 0.6045099020004272 82
1750501385461 0.6019643545150757 83
1750501616857 0.5259124398231506 84
1750501838041 0.6675607264041901 85
1750502063543 0.7502696454524994 86
1750502292394 0.5746564269065857 87
1750502520623 0.5456009127876975 88
1750502748231 0.6192568600177765 89
1750503369073 0.6749905456196178 90
1750503605433 0.7434750258922577 91
1750503844836 0.5823772966861724 92
1750504077800 0.7382600843906403 93
1750504320174 0.712542327967557 94
1750504556423 0.6716977238655091 95
1750504786139 0.6544580698013306 96
1750505024333 0.5018384695053101 97
1750505260664 0.6624281883239747 98
1750505494707 0.745254248380661 99
1750506066426 0.6740830486471002 100
1750506297986 0.7522956132888794 101
1750506542699 0.7394017527500788 102
1750506781651 0.7322584092617035 103
1750507043667 0.6676913174715909 104
1750507287503 0.7690452754497528 105
1750507525749 0.46693009679967706 106
1750507772569 0.6197309742371241 107
1750508018680 0.632968450586001 108
1750508265530 0.6260950316985449 109
1750508828561 0.493593692779541 110
1750509077573 0.44129275778929394 111
1750509321631 0.4732730935017268 112
1750509573962 0.5548731088638306 113
1750509825399 0.5742634305587182 114
1750510084926 0.40223485231399536 115
1750510359439 0.5587430340903146 116
1750510634817 0.29771336714426677 117
1750510912646 0.4659840038844517 118
1750511213840 0.5570116266608238 119
1750512203481 0.5377596125883215 120
1750512516319 0.439138906843522 121
1750512830077 0.44173946645524764 122
1750513143484 0.4804488280240227 123
1750513442925 0.5930391997098923 124
1750513741978 0.43403809145092964 125
1750514046624 0.47034988924860954 126
1750514364120 0.38439048037809487 127
1750514695407 0.5641978515519036 128
1750515080354 0.35331032673517865 129
1750516315499 0.43743168413639066 130
1750516694296 0.49390649795532227 131
1750517095134 0.395045416695731 132
1750517461997 0.4910163164138794 133
1750517848025 0.3918315030279614 134
1750518213838 0.40984427034854887 135
1750518565175 0.551437497138977 136
1750518917750 0.30880994232077347 137
1750519279625 0.6742179526223077 138
1750519598684 0.35985639360215926 139
1750520648721 0.454724993970659 140
1750520982281 0.5343326661321852 141
1750521336895 0.4471235483884811 142
1750521679480 0.3035468615983662 143
1750522038555 0.3696227835284339 144
1750522374845 0.5098886549472809 145
1750522705318 0.5233547216967532 146
1750523030847 0.5300778249899546 147
1750523374472 0.5545021389660082 148
1750523694320 0.4426199860042996 149
1750524719759 0.46640867988268536 150
1750525032970 0.4453081124358707 151
1750525354946 0.4051406251059638 152
1750525677414 0.40642011165618896 153
1750525997372 0.46065905690193176 154
1750526323544 0.5524044434229533 155
1750526653863 0.5392208475815622 156
1750526979770 0.4665343960126241 157
1750527311525 0.4175606005721622 158
1750527630532 0.3612404730584886 159
1750528511966 0.4688463620841503 160
1750528827885 0.43120191728367524 161
1750529146063 0.49134039528229656 162
1750529457979 0.48403387599521214 163
1750529771115 0.6267188086229212 164
1750530078631 0.6506296098232269 165
1750530382115 0.46141036227345467 166
1750530691782 0.5171209398437949 167
1750530989560 0.5163437239825726 168
1750531278705 0.5717075690627098 169
1750532008171 0.4577297791838646 170
1750532288290 0.5320579051971436 171
1750532565634 0.4822322300502232 172
1750532861050 0.4628671109676361 173
1750533154806 0.6494864225387573 174
1750533441192 0.6251075693539211 175
1750533726194 0.4573760713849749 176
1750533997909 0.6216138005256653 177
1750534268259 0.5276913004262107 178
1750534552013 0.6095595002174378 179
1750535251430 0.5522000917366573 180
1750535531196 0.5787649963583265 181
1750535811969 0.5234004812581199 182
1750536091438 0.700628616980144 183
1750536367799 0.43500705701964243 184
1750536672831 0.5856148282686869 185
1750536955205 0.4344078004360199 186
1750537247089 0.5846192598342895 187
1750537548642 0.48621644179026285 188
1750537862422 0.6761596724390984 189
1750538654810 0.466255858540535 190
1750538954617 0.5590734146535397 191
1750539258386 0.5718761682510376 192
1750539547146 0.6079272508621216 193
1750539842737 0.5315956090177808 194
1750540128683 0.5313679022448403 195
1750540405826 0.7045332448823112 196
1750540692466 0.4219118867601667 197
1750540973180 0.4783095589705876 198
1750541270685 0.4451502998669942 199
1750541989864 0.4795190493265788 200
1750542267873 0.47014726059777395 201
1750542548953 0.5870669563611348 202
1750542832769 0.520933985710144 203
1750543104263 0.5052564016410283 204
1750543385257 0.6408267830099378 205
1750543651429 0.5480492753641946 206
1750543937350 0.3879990875720978 207
1750544206476 0.5383126139640808 208
1750544483514 0.4024114700464102 209
1750545129814 0.5975847323735555 210
1750545408626 0.5997453331947327 211
1750545682279 0.6262428164482117 212
1750545954874 0.5254130363464355 213
1750546230031 0.5727690032550267 214
1750546508009 0.5688069416926458 215
1750546777855 0.38320877722331453 216
1750547058762 0.52835385288511 217
1750547317700 0.6919332785265786 218
1750547595676 0.43389006171907696 219
1750548245774 0.6238160828749338 220
1750548514137 0.4799885366644178 221
1750548767764 0.5687998808347262 222
1750549030480 0.6080643683671951 223
1750549284716 0.5424069762229919 224
1750549536555 0.6365557660659155 225
1750549789196 0.6714230279127756 226
1750550054297 0.6653507401545843 227
1750550305629 0.5528586854537328 228
1750550574349 0.6910481269542987 229
1750551257471 0.7070339492389134 230
1750551524919 0.5024654467900594 231
1750551790166 0.5750476947197547 232
1750552059496 0.521733249936785 233
1750552333649 0.49457521041234337 234
1750552590382 0.42635205388069153 235
1750552847177 0.6237826198339462 236
1750553114323 0.48364655886377605 237
1750553372220 0.50253276183055 238
1750553641163 0.3139991419655936 239
1750554272843 0.559725298331334 240
1750554532658 0.5850798445088523 241
1750554807212 0.46795903359140667 242
1750555070866 0.6749529517613925 243
1750555348177 0.4989779847008841 244
1750555619029 0.36300836290631977 245
1750555912096 0.5656359419226646 246
1750556201548 0.47386921303612844 247
1750556465995 0.46939774070467266 248
1750556780891 0.29857898950576783 249
1750557434440 0.4211860852582114 250
1750557703331 0.6258739462265601 251
1750557977141 0.5938340766089303 252
1750558270312 0.6015319057873317 253
1750558538189 0.522107509466318 254
1750558818213 0.5714135212557656 255
1750559082238 0.5139734148979187 256
1750559346839 0.6328664009387677 257
1750559607780 0.5627769231796265 258
1750559884350 0.6433150257383075 259
1750560510267 0.636850118637085 260
1750560772825 0.6699683368206024 261
1750561042523 0.6379423141479492 262
1750561299174 0.5635439157485962 263
1750561558060 0.5335409595416143 264
1750561813783 0.5312459639140538 265
1750562080828 0.7159190957362835 266
1750562357766 0.6373472442993751 267
1750562618644 0.6292614386631892 268
1750562877322 0.45508918395409215 269
1750563572426 0.4930796504020691 270
1750563846289 0.559565557883336 271
1750564111453 0.5748637868807867 272
1750564385175 0.5247523529188973 273
1750564653742 0.5637523929278055 274
1750564938901 0.6426446850483234 275
1750565205499 0.6143136748245784 276
1750565465980 0.6119873936359699 277
1750565726126 0.762523719897637 278
1750565984939 0.43001113335291546 279
1750566634927 0.5019225982519296 280
1750566897081 0.4919209231932958 281
1750567156743 0.488530301130735 282
1750567416131 0.6850865830977758 283
1750567666229 0.6218361556529999 284
1750567916494 0.3724684516588847 285
1750568163374 0.5654968321323395 286
1750568419893 0.6657182772954305 287
1750568668858 0.6673615177472433 288
1750568917138 0.6896627644697825 289
1750569517460 0.49569420019785565 290
1750569774871 0.6138590682636608 291
1750570017665 0.6115350831638683 292
1750570255484 0.5960056944326921 293
1750570499592 0.5550505518913269 294
1750570743114 0.5004559556643168 295
1750570978414 0.612987139008262 296
1750571217660 0.6768515209356943 297
1750571446322 0.6716638207435608 298
1750571678782 0.672440843148665 299
1750572286226 0.6238996634880701 300
1750572519633 0.6797440864823081 301
1750572752237 0.48968850482593884 302
1750572991831 0.7527429759502411 303
1750573234036 0.6641902110793374 304
1750573474743 0.6187322040398916 305
1750573721816 0.4378858208656311 306
1750573973234 0.6418714125951132 307
1750574214107 0.5293389450420033 308
1750574457892 0.6241140315930048 309
1750575028311 0.6697215686241785 310
1750575289526 0.7646566033363342 311
1750575532092 0.7026214947303137 312
1750575773233 0.679203515703028 313
1750576005294 0.7444915473461151 314
1750576241584 0.6058259552175348 315
1750576483151 0.5511202649636702 316
1750576723255 0.6262036941268228 317
1750576965245 0.5530827343463898 318
1750577200702 0.6838232983242382 319
1750577743413 0.5398001128976996 320
1750577986432 0.5734100639820099 321
1750578221438 0.677544420415705 322
1750578460447 0.4882800231377284 323
1750578717224 0.6272488236427307 324
1750578951944 0.6907650286501105 325
1750579187775 0.5964508327570829 326
1750579433673 0.43932466705640155 327
1750579672538 0.5365726351737976 328
1750579906586 0.288093364238739 329
1750580437726 0.5938142299652099 330
1750580672853 0.6741412878036499 331
1750580907008 0.685116632418199 332
1750581143983 0.5957120418548584 333
1750581389719 0.6778565992911657 334
1750581655932 0.6228200847452338 335
1750581897205 0.7007720036940142 336
1750582151126 0.45908448100090027 337
1750582400200 0.6249575614929199 338
1750582654460 0.6418728232383728 339
1750583287182 0.6187727500995001 340
1750583545854 0.6222026695807775 341
1750583820405 0.7319216089589256 342
1750584086648 0.4167333883898599 343
1750584354456 0.5422968907015664 344
1750584624306 0.4963622987270355 345
1750584881629 0.5713885625203451 346
1750585136212 0.4350256770849228 347
1750585383584 0.6119724959135056 348
1750585633146 0.7085364048297589 349
1750586274948 0.6093878298997879 350
1750586529890 0.66635961830616 351
1750586789633 0.650892775792342 352
1750587046206 0.6939246108134588 353
1750587294912 0.5831389106236972 354
1750587560299 0.4025542460955106 355
1750587831560 0.40479458295381987 356
1750588108048 0.5844160403524127 357
1750588384769 0.514404296875 358
1750588652810 0.45813151047779965 359
1750589306668 0.3825666478702 360
1750589578132 0.41580735785620554 361
1750589866094 0.5209049358963966 362
1750590140044 0.6423688360622951 363
1750590410062 0.440973413842065 364
1750590675051 0.5857008741452143 365
