1750481586734 0.7689987222353617 1
1750481724146 0.755968376994133 2
1750481832814 0.7526108622550964 3
1750482016497 0.7607415840029716 4
1750482201301 0.7654638389746348 5
1750482380803 0.7762141908918109 6
1750482564390 0.7538587493555886 7
1750482745714 0.7606390884944371 8
1750482894864 0.7460848220757076 9
1750483320027 0.7310026202883039 10
1750483507848 0.7156874015927315 11
1750483697444 0.7686711996793747 12
1750483881875 0.7731848135590553 13
1750484072225 0.8147220984101295 14
1750484237673 0.7543571761676243 15
1750484426285 0.7710225656628609 16
1750484617699 0.8033221513032913 17
1750484810366 0.7988610044121742 18
1750485006758 0.808163195848465 19
1750485461323 0.791351392865181 20
1750485658690 0.7422822415828705 21
1750485856395 0.8018339574337006 22
1750486055923 0.7807739078998566 23
1750486255075 0.7157141417264938 24
1750486464304 0.7172657176852226 25
1750486670834 0.6912042573094368 26
1750486877955 0.6781147830188274 27
1750487090325 0.6858182284567091 28
1750487299022 0.6530309021472931 29
1750487900539 0.6260071873664856 30
1750488112613 0.7155655291345384 31
1750488331135 0.6858465000987053 32
1750488552314 0.6862773829036288 33
1750488763423 0.7183251976966858 34
1750488983091 0.6908045841587914 35
1750489201265 0.7612862586975098 36
1750489424197 0.683757464090983 37
1750489639204 0.6884494092729356 38
1750489851844 0.7872312128543854 39
1750490401099 0.8019192591309547 40
1750490616254 0.7707633227109909 41
1750491049354 0.7613841030332777 42
1750491260613 0.7756913304328918 43
1750491474715 0.8169062912464142 44
1750491688598 0.8412052169442177 45
1750491903750 0.7997922524809837 46
1750492121865 0.7797781825065613 47
1750492345436 0.7895690732532077 48
1750492561225 0.8096141351593865 49
1750493146016 0.8548789203166962 50
1750493361671 0.8105979230668809 51
1750493578289 0.850957565009594 52
1750493797259 0.8356612801551819 53
1750494011398 0.8120248317718506 54
1750494226708 0.8065023223559061 55
1750494443621 0.8394517004489899 56
1750494660401 0.8045762121677399 57
1750494883387 0.8293892204761505 58
1750495097515 0.8381500244140625 59
1750495625100 0.7856101592381796 60
1750495844165 0.8527169406414032 61
1750496077414 0.8208706498146057 62
1750496299699 0.8537817478179932 63
1750496513078 0.8615669459104538 64
1750496729600 0.8375226736068726 65
1750496948033 0.8357351124286652 66
1750497168813 0.848100483417511 67
1750497387373 0.861626410484314 68
1750497607822 0.8671355115042793 69
1750498117766 0.8614538047048781 70
1750498337646 0.869940048456192 71
1750498561268 0.8759319424629212 72
1750498786743 0.8519276320934296 73
1750499003660 0.8615733608603477 74
1750499222479 0.8410787940025329 75
1750499451830 0.8565494656562805 76
1750499677281 0.8227593123912811 77
1750499896776 0.8540937834315829 78
1750500123128 0.8768974900245666 79
1750500701062 0.8562516927719116 80
1750500928911 0.8696235477924347 81
1750501153788 0.8709517121315002 82
1750501385461 0.879865825176239 83
1750501616857 0.8761524200439453 84
1750501838041 0.8727621555328369 85
1750502063543 0.8485043227672577 86
1750502292394 0.8647605001926422 87
1750502520623 0.8383782668547197 88
1750502748231 0.8561618268489838 89
1750503369073 0.8050847703760321 90
1750503605433 0.866869592666626 91
1750503844836 0.862555879354477 92
1750504077800 0.8451805710792542 93
1750504320174 0.8486382852901112 94
1750504556423 0.8577876687049866 95
1750504786139 0.846814227104187 96
1750505024333 0.8308229625225068 97
1750505260664 0.8457636594772339 98
1750505494707 0.8453986167907714 99
1750506066426 0.8432210141962225 100
1750506297986 0.8474114656448364 101
1750506542699 0.844656690955162 102
1750506781651 0.8499133884906769 103
1750507043667 0.8315624757246538 104
1750507287503 0.8639375627040863 105
1750507525749 0.8465285463766619 106
1750507772569 0.8506017675002416 107
1750508018680 0.8547005305687586 108
1750508265530 0.874060665567716 109
1750508828561 0.871273934841156 110
1750509077573 0.8494565685590109 111
1750509321631 0.8431904663642248 112
1750509573962 0.844797894358635 113
1750509825399 0.8358400372358469 114
1750510084926 0.8210597955263578 115
1750510359439 0.8113899273531777 116
1750510634817 0.7762333949406942 117
1750510912646 0.7879328174250466 118
1750511213840 0.7871562913060188 119
1750512203481 0.7855505592682782 120
1750512516319 0.7947642557761249 121
1750512830077 0.807109985086653 122
1750513143484 0.8115416940520791 123
1750513442925 0.7997518219053745 124
1750513741978 0.7932089231908321 125
1750514046624 0.7942512333393097 126
1750514364120 0.7764862600494834 127
1750514695407 0.7479594084951613 128
1750515080354 0.7436935106913248 129
1750516315499 0.708084550499916 130
1750516694296 0.7321784524690538 131
1750517095134 0.7079897409393674 132
1750517461997 0.7271869599819183 133
1750517848025 0.7193243872551691 134
1750518213838 0.7516163557767868 135
1750518565175 0.7242125241379989 136
1750518917750 0.7236207190312838 137
1750519279625 0.7704231871498955 138
1750519598684 0.74613842036989 139
1750520648721 0.7884135709868537 140
1750520982281 0.758770594994227 141
1750521336895 0.7869221210479737 142
1750521679480 0.7756371654962239 143
1750522038555 0.7738944855001237 144
1750522374845 0.7792871505022049 145
1750522705318 0.785487711429596 146
1750523030847 0.7857396536403232 147
1750523374472 0.8036096347005743 148
1750523694320 0.7910675505797068 149
1750524719759 0.7885735796557533 150
1750525032970 0.7949764927228292 151
1750525354946 0.8062948352760739 152
1750525677414 0.8032771547635397 153
1750525997372 0.7990751928753324 154
1750526323544 0.81281645099322 155
1750526653863 0.7963718803305375 156
1750526979770 0.7999909917513529 157
1750527311525 0.7936648726463318 158
1750527630532 0.792096283700731 159
1750528511966 0.8149659484624863 160
1750528827885 0.8108271816197563 161
1750529146063 0.8080746391240288 162
1750529457979 0.8308286004596286 163
1750529771115 0.8312029628192678 164
1750530078631 0.8256627507507801 165
1750530382115 0.8411544114351273 166
1750530691782 0.8224166070713717 167
1750530989560 0.8509358689188957 168
1750531278705 0.8579588010907173 169
1750532008171 0.8173734322190285 170
1750532288290 0.8449149052302043 171
1750532565634 0.8372722097805568 172
1750532861050 0.8428526856005192 173
1750533154806 0.8319254795710246 174
1750533441192 0.8471550984042031 175
1750533726194 0.840341180562973 176
1750533997909 0.824566703576308 177
1750534268259 0.8027505959783282 178
1750534552013 0.8084782322247823 179
1750535251430 0.8131863687719617 180
1750535531196 0.8084196278027126 181
1750535811969 0.8185126824038369 182
1750536091438 0.8169702802385602 183
1750536367799 0.7924015436853681 184
1750536672831 0.815492582321167 185
1750536955205 0.8109476694038936 186
1750537247089 0.803420607248942 187
1750537548642 0.797870934009552 188
1750537862422 0.8163481876254082 189
1750538654810 0.8039840832352638 190
1750538954617 0.7954026348888874 191
1750539258386 0.7856845147907734 192
1750539547146 0.7956101695696512 193
1750539842737 0.8005175164767674 194
1750540128683 0.7957656851836613 195
1750540405826 0.789097398519516 196
1750540692466 0.7851902289049966 197
1750540973180 0.795216577393668 198
1750541270685 0.7748002092043559 199
1750541989864 0.7718510826428732 200
1750542267873 0.770281583070755 201
1750542548953 0.7679059028625488 202
1750542832769 0.7612318737166268 203
1750543104263 0.7726929187774658 204
1750543385257 0.7538211728845324 205
1750543651429 0.77149926338877 206
1750543937350 0.7886865607329777 207
1750544206476 0.762499349457877 208
1750544483514 0.7789844503769507 209
1750545129814 0.7678363601366679 210
1750545408626 0.7781503041585286 211
1750545682279 0.7740313879081181 212
1750545954874 0.7723553904465267 213
1750546230031 0.7733533680438995 214
1750546508009 0.7721455418146573 215
1750546777855 0.7732872920376914 216
1750547058762 0.7948249876499176 217
1750547317700 0.7758265265396663 218
1750547595676 0.7753979308264596 219
1750548245774 0.8044299781322479 220
1750548514137 0.8008490545409066 221
1750548767764 0.788459851191594 222
1750549030480 0.801786924401919 223
1750549284716 0.7986674457788467 224
1750549536555 0.8367449591557184 225
1750549789196 0.8261324067910513 226
1750550054297 0.8204186906417211 227
1750550305629 0.8180352101723353 228
1750550574349 0.8065016315533564 229
1750551257471 0.8012743379388537 230
1750551524919 0.801387702425321 231
1750551790166 0.7776437676869906 232
1750552059496 0.7988651778016772 233
1750552333649 0.7815579454104106 234
1750552590382 0.8030913968880972 235
1750552847177 0.7859642406304678 236
1750553114323 0.8007250385625022 237
1750553372220 0.7845968053891108 238
1750553641163 0.7756562914167132 239
1750554272843 0.7726711309873141 240
1750554532658 0.7576337158679962 241
1750554807212 0.7649036475590297 242
1750555070866 0.7885501751532922 243
1750555348177 0.7881474069186619 244
1750555619029 0.7981110513210297 245
1750555912096 0.7899764776229858 246
1750556201548 0.7979456101145063 247
1750556465995 0.7870164300714221 248
1750556780891 0.7809087832768759 249
1750557434440 0.7923094034194946 250
1750557703331 0.7981559863457313 251
1750557977141 0.7892908241067614 252
1750558270312 0.8017016521521977 253
1750558538189 0.7878920802703271 254
1750558818213 0.808020544903619 255
1750559082238 0.8380602300167084 256
1750559346839 0.8445843549875113 257
1750559607780 0.8280470271905264 258
1750559884350 0.8518590033054352 259
1750560510267 0.854444220662117 260
1750560772825 0.851262112458547 261
1750561042523 0.861444679590372 262
1750561299174 0.8768987854321798 263
1750561558060 0.858828773865333 264
1750561813783 0.8626955279282161 265
1750562080828 0.8381116252679092 266
1750562357766 0.8720166545647842 267
1750562618644 0.864578522168673 268
1750562877322 0.860742449760437 269
1750563572426 0.8443808039029439 270
1750563846289 0.8472584806955777 271
1750564111453 0.835353250686939 272
1750564385175 0.8412345818110875 273
1750564653742 0.8501464823881785 274
1750564938901 0.8308529166074899 275
1750565205499 0.8465030235903603 276
1750565465980 0.8503525578058683 277
1750565726126 0.853380955182589 278
1750565984939 0.8433242539564768 279
1750566634927 0.8456632173978366 280
1750566897081 0.8559991319974264 281
1750567156743 0.8552398819189805 282
1750567416131 0.8556263744831085 283
1750567666229 0.8602231691281 284
1750567916494 0.8665740291277567 285
1750568163374 0.8688429792722067 286
1750568419893 0.8728942771752676 287
1750568668858 0.8701141873995463 288
1750568917138 0.873879075050354 289
1750569517460 0.8667259862025579 290
1750569774871 0.8316607800397006 291
1750570017665 0.8507982600818981 292
1750570255484 0.8672034415331754 293
1750570499592 0.8444711019595464 294
1750570743114 0.8486195604006449 295
1750570978414 0.8483091267672452 296
1750571217660 0.8456217894951502 297
1750571446322 0.8543555855751037 298
1750571678782 0.8471775921908292 299
1750572286226 0.8381299326817194 300
1750572519633 0.843175855549899 301
1750572752237 0.8459335944869302 302
1750572991831 0.8468753596146902 303
1750573234036 0.845356366851113 304
1750573474743 0.8377060145139694 305
1750573721816 0.8386203348636627 306
1750573973234 0.8378003786007563 307
1750574214107 0.8313197927041487 308
1750574457892 0.8470915655295054 309
1750575028311 0.8156298299630483 310
1750575289526 0.8354554338888689 311
1750575532092 0.8317811787128448 312
1750575773233 0.8428552150726318 313
1750576005294 0.8414950609207154 314
1750576241584 0.849598456512798 315
1750576483151 0.847498590295965 316
1750576723255 0.8476281111890619 317
1750576965245 0.8432012647390366 318
1750577200702 0.8513382185589183 319
1750577743413 0.8382896455851468 320
1750577986432 0.8458964625994364 321
1750578221438 0.8424921740185131 322
1750578460447 0.8400940001010895 323
1750578717224 0.8473606755336126 324
1750578951944 0.8440317999232899 325
1750579187775 0.8338384790854021 326
1750579433673 0.8337099800507227 327
1750579672538 0.8320278276999792 328
1750579906586 0.8384781777858734 329
1750580437726 0.8180551886558532 330
1750580672853 0.8362745046615601 331
1750580907008 0.840061751278964 332
1750581143983 0.8455913960933685 333
1750581389719 0.8274140308300654 334
1750581655932 0.8389574831182306 335
1750581897205 0.8492880138483915 336
1750582151126 0.8331585874160131 337
1750582400200 0.8263350228468577 338
1750582654460 0.8487409899632136 339
1750583287182 0.8372107495864233 340
1750583545854 0.8559564699729284 341
1750583820405 0.83223985348429 342
1750584086648 0.8311419614723751 343
1750584354456 0.8267646857670375 344
1750584624306 0.8389668422085899 345
1750584881629 0.8568903605143229 346
1750585136212 0.8532672474781672 347
1750585383584 0.8317867914835612 348
1750585633146 0.8542444797662588 349
1750586274948 0.8506255596876144 350
1750586529890 0.8683792153994242 351
1750586789633 0.8688503137001624 352
1750587046206 0.8731263279914856 353
1750587294912 0.8588329049257132 354
1750587560299 0.86735305419335 355
1750587831560 0.8728641592539274 356
1750588108048 0.8732555593763079 357
1750588384769 0.8435927927494049 358
1750588652810 0.8696174850830665 359
1750589306668 0.8617492531027112 360
1750589578132 0.8727028838225773 361
1750589866094 0.8621154651045799 362
1750590140044 0.8743661386626107 363
1750590410062 0.8808893263339996 364
1750590675051 0.9029503372999338 365
