1750481586734 0.1178426742553711 1
1750481724146 0.12522516772150993 2
1750481832814 0.13489930970328196 3
1750482016497 0.12507067993283272 4
1750482201301 0.12620084981123605 5
1750482380803 0.12659115663596562 6
1750482564390 0.11960097083023616 7
1750482745714 0.13175166291849955 8
1750482894864 0.12502960647855485 9
1750483320027 0.12810214715344564 10
1750483507848 0.12503756955266 11
1750483697444 0.12258358020335436 12
1750483881875 0.1254986645653844 13
1750484072225 0.12853022012859583 14
1750484237673 0.12552085305963243 15
1750484426285 0.1286162007600069 16
1750484617699 0.12643937766551971 17
1750484810366 0.12626372557133436 18
1750485006758 0.12338084168732166 19
1750485461323 0.12013575015589595 20
1750485658690 0.09866047685500234 21
1750485856395 0.1311218161135912 22
1750486055923 0.12591892387717962 23
1750486255075 0.10520687390817329 24
1750486464304 0.11575635056942701 25
1750486670834 0.1108421990647912 26
1750486877955 0.16486816573888063 27
1750487090325 0.0922784995701578 28
1750487299022 0.1436820705421269 29
1750487900539 0.107115532271564 30
1750488112613 0.13813194218609068 31
1750488331135 0.11714692693203688 32
1750488552314 0.13128885559530723 33
1750488763423 0.135401694311036 34
1750488983091 0.07269807904958725 35
1750489201265 0.10334664499387144 36
1750489424197 0.13130293289820352 37
1750489639204 0.1958894787563218 38
1750489851844 0.0537980280816555 39
1750490401099 0.12088909465819597 40
1750490616254 0.1370507120154798 41
1750491049354 0.050183651968836784 42
1750491260613 0.10281882807612419 43
1750491474715 0.1131422184407711 44
1750491688598 0.1274663661897648 45
1750491903750 0.12131558451801538 46
1750492121865 0.09685837328433991 47
1750492345436 0.12672348279092047 48
1750492561225 0.1282985628479057 49
1750493146016 0.13562553599476815 50
1750493361671 0.15849733104308447 51
1750493578289 0.15378425177186728 52
1750493797259 0.14811802431941032 53
1750494011398 0.0913567109964788 54
1750494226708 0.12181187462475565 55
1750494443621 0.1556126307696104 56
1750494660401 0.1377043692395091 57
1750494883387 0.15692955106496811 58
1750495097515 0.10342720854613516 59
1750495625100 0.14588531893160608 60
1750495844165 0.11802435927093029 61
1750496077414 0.09325001761317253 62
1750496299699 0.12562757460400462 63
1750496513078 0.06919074687175453 64
1750496729600 0.14604745134711267 65
1750496948033 0.11724760085344314 66
1750497168813 0.07188352980883791 67
1750497387373 0.1441825889982283 68
1750497607822 0.07996292577849494 69
1750498117766 0.1253510494199064 70
1750498337646 0.13394793663173915 71
1750498561268 0.09962960369884968 72
1750498786743 0.10186515040695668 73
1750499003660 0.15880275750532746 74
1750499222479 0.07588701231870801 75
1750499451830 0.1309844530420378 76
1750499677281 0.08712977226823568 77
1750499896776 0.08576678298413754 78
1750500123128 0.05544110266491771 79
1750500701062 0.11681457534432411 80
1750500928911 0.15775101110339165 81
1750501153788 0.17721447348594666 82
1750501385461 0.11491161415522749 83
1750501616857 0.16976343467831612 84
1750501838041 0.16057359762489795 85
1750502063543 0.13292694822885096 86
1750502292394 0.08217025501653552 87
1750502520623 0.11093010296198455 88
1750502748231 0.12496597841382026 89
1750503369073 0.1462948709641668 90
1750503605433 0.09773487197235227 91
1750503844836 0.13866896703839302 92
1750504077800 0.11800978928804398 93
1750504320174 0.16054744104092772 94
1750504556423 0.11062799356877803 95
1750504786139 0.14244488328695298 96
1750505024333 0.17066036872565746 97
1750505260664 0.12383395694196224 98
1750505494707 0.12114121560007333 99
1750506066426 0.13614629852500829 100
1750506297986 0.1324940796941519 101
1750506542699 0.10015571334709723 102
1750506781651 0.12463127449154854 103
1750507043667 0.16863763933493334 104
1750507287503 0.14637581929564475 105
1750507525749 0.12673498918725687 106
1750507772569 0.19615370283524194 107
1750508018680 0.16656526116033396 108
1750508265530 0.11356742260977626 109
1750508828561 0.1421811420780917 110
1750509077573 0.04558868193998933 111
1750509321631 0.1379787971576055 112
1750509573962 0.09107731857026617 113
1750509825399 0.1410148418866671 114
1750510084926 0.11664577344289193 115
1750510359439 0.10733863442770339 116
1750510634817 0.14395988037188848 117
1750510912646 0.1242527315126998 118
1750511213840 0.1228593100386206 119
1750512203481 0.13682546436457949 120
1750512516319 0.1304603518151185 121
1750512830077 0.14725929183057612 122
1750513143484 0.11935876014039797 123
1750513442925 0.11602292628958821 124
1750513741978 0.09739747981075197 125
1750514046624 0.06489570190024097 126
1750514364120 0.1614028399481493 127
1750514695407 0.1450300163899859 128
1750515080354 0.14558095147921926 129
1750516315499 0.10971818831749261 130
1750516694296 0.139127275063878 131
1750517095134 0.11116796856125195 132
1750517461997 0.09179390892386437 133
1750517848025 0.07074765306675718 134
1750518213838 0.14650137145072223 135
1750518565175 0.12682502942257806 136
1750518917750 0.1705484539270401 137
1750519279625 0.09004304164813624 138
1750519598684 0.13312009991043144 139
1750520648721 0.14454512939684921 140
1750520982281 0.10803525543047322 141
1750521336895 0.07671114765107631 142
1750521679480 0.12793408736194434 143
1750522038555 0.15850278093583053 144
1750522374845 0.12485247794538737 145
1750522705318 0.1297880078812963 146
1750523030847 0.1538054762252917 147
1750523374472 0.0719803050160408 148
1750523694320 0.14398623480358058 149
1750524719759 0.1154221910983324 150
1750525032970 0.10608248259975678 151
1750525354946 0.11825117841362953 152
1750525677414 0.13272486813366413 153
1750525997372 0.13644507369543943 154
1750526323544 0.12858895305544138 155
1750526653863 0.12953570661576172 156
1750526979770 0.12438125033966368 157
1750527311525 0.09414805383938882 158
1750527630532 0.08385755553414735 159
1750528511966 0.10210955509683117 160
1750528827885 0.10899285007925595 161
1750529146063 0.14154160888317754 162
1750529457979 0.1298488488731285 163
1750529771115 0.06502510894172113 164
1750530078631 0.15777458902448416 165
1750530382115 0.09071004780707881 166
1750530691782 0.12573841301833882 167
1750530989560 0.10462521952285897 168
1750531278705 0.10396442492492497 169
1750532008171 0.12838233937509358 170
1750532288290 0.1305566315849622 171
1750532565634 0.12820097005793027 172
1750532861050 0.17009359505027533 173
1750533154806 0.17531063357988994 174
1750533441192 0.15276917655553138 175
1750533726194 0.15914727694221906 176
1750533997909 0.03314329540500274 177
1750534268259 0.10999431354658944 178
1750534552013 0.14871967857082685 179
1750535251430 0.16139121034315654 180
1750535531196 0.17989012645557523 181
1750535811969 0.0909083982530449 182
1750536091438 0.1507154687174729 183
1750536367799 0.11306672184062856 184
1750536672831 0.13446069061756133 185
1750536955205 0.15805436358121888 186
1750537247089 0.15017479906479517 187
1750537548642 0.13421132117509843 188
1750537862422 0.06834145419998094 189
1750538654810 0.07282308541471139 190
1750538954617 0.10637266177218407 191
1750539258386 0.15360009827418253 192
1750539547146 0.16815241053700447 193
1750539842737 0.18360614179567034 194
1750540128683 0.06329123632583235 195
1750540405826 0.15837320661687823 196
1750540692466 0.13502594981608645 197
1750540973180 0.12185335651572261 198
1750541270685 0.11524235208829244 199
1750541989864 0.10379799318810304 200
1750542267873 0.12567552272230387 201
1750542548953 0.12645219390590987 202
1750542832769 0.12052451885704484 203
1750543104263 0.11577270738780499 204
1750543385257 0.13029486233634607 205
1750543651429 0.12318135166008558 206
1750543937350 0.1187304782548121 207
1750544206476 0.1423166320393128 208
1750544483514 0.11951926021048656 209
1750545129814 0.1507779972627759 210
1750545408626 0.16633726706107457 211
1750545682279 0.11913581491847124 212
1750545954874 0.1468369851687125 213
1750546230031 0.1120556438607829 214
1750546508009 0.10615607128980067 215
1750546777855 0.11341503249215228 216
1750547058762 0.04481389307017837 217
1750547317700 0.11482903866895608 218
1750547595676 0.13910551093119597 219
1750548245774 0.15909950722319385 220
1750548514137 0.13246651394625328 221
1750548767764 0.11991506528395873 222
1750549030480 0.1295289226497213 223
1750549284716 0.10735344560816884 224
1750549536555 0.041615707566961646 225
1750549789196 0.08631342370063066 226
1750550054297 0.12261325598228723 227
1750550305629 0.11670994349212076 228
1750550574349 0.09762108240885517 229
1750551257471 0.07124550135007926 230
1750551524919 0.12409620669980843 231
1750551790166 0.1321838257404474 232
1750552059496 0.1428931656160525 233
1750552333649 0.07293143750478824 234
1750552590382 0.1398661135074993 235
1750552847177 0.1616745206216971 236
1750553114323 0.11264467957828726 237
1750553372220 0.15145668301444787 238
1750553641163 0.16763890454811708 239
1750554272843 0.1370312488422944 240
1750554532658 0.09651009139737912 241
1750554807212 0.11042982888674098 242
1750555070866 0.08555073914333032 243
1750555348177 0.14007986736084735 244
1750555619029 0.12437660348535116 245
1750555912096 0.14212420233525336 246
1750556201548 0.12277461405444358 247
1750556465995 0.12532048938529833 248
1750556780891 0.1030729011942943 249
1750557434440 0.1439466904848814 250
1750557703331 0.13783320839194438 251
1750557977141 0.14868916145392827 252
1750558270312 0.09144614616941128 253
1750558538189 0.10637492113388501 254
1750558818213 0.11164472438395023 255
1750559082238 0.1598066630374108 256
1750559346839 0.11566771455825521 257
1750559607780 0.1044033858537053 258
1750559884350 0.10738660714456014 259
1750560510267 0.10877927392721176 260
1750560772825 0.09980285385002692 261
1750561042523 0.14436461948431456 262
1750561299174 0.15254616861542067 263
1750561558060 0.11495386866422799 264
1750561813783 0.08087078375475747 265
1750562080828 0.13098615859276974 266
1750562357766 0.1368917954655794 267
1750562618644 0.08929970373327915 268
1750562877322 0.15981030292235887 269
1750563572426 0.0770070722947518 270
1750563846289 0.12804736483555573 271
1750564111453 0.10065912240399764 272
1750564385175 0.14607727607446058 273
1750564653742 0.13092764102232954 274
1750564938901 0.13989670517352912 275
1750565205499 0.09789295241768871 276
1750565465980 0.11780290979032333 277
1750565726126 0.08203643130568358 278
1750565984939 0.1677655652165413 279
1750566634927 0.07939684434005848 280
1750566897081 0.12838222458958626 281
1750567156743 0.0987109733082784 282
1750567416131 0.11371534001470233 283
1750567666229 0.07606991194188595 284
1750567916494 0.08872950573762257 285
1750568163374 0.15471405442804098 286
1750568419893 0.14919034795214733 287
1750568668858 0.10679240695511301 288
1750568917138 0.12152339642246564 289
1750569517460 0.12557574862148613 290
1750569774871 0.1368195056407289 291
1750570017665 0.1663407622413202 292
1750570255484 0.06438544798981059 293
1750570499592 0.11761250723308574 294
1750570743114 0.12727434556776038 295
1750570978414 0.12643606119408188 296
1750571217660 0.0885287350974977 297
1750571446322 0.15218034610152245 298
1750571678782 0.07366383278911764 299
1750572286226 0.15448949051400027 300
1750572519633 0.14785193956711076 301
1750572752237 0.1036685344509103 302
1750572991831 0.059200845658779144 303
1750573234036 0.10279974409125069 304
1750573474743 0.15328977536410093 305
1750573721816 0.06354091487204035 306
1750573973234 0.04398927434037129 307
1750574214107 0.1274424259635535 308
1750574457892 0.10768892507379253 309
1750575028311 0.1178231555968523 310
1750575289526 0.07447674123316327 311
1750575532092 0.10412083348880212 312
1750575773233 0.09095483002337543 313
1750576005294 0.11101023815572261 314
1750576241584 0.16524223847822708 315
1750576483151 0.14935485635545442 316
1750576723255 0.09633990106257526 317
1750576965245 0.1379963788203895 318
1750577200702 0.09876470792699944 319
1750577743413 0.04706079974262552 320
1750577986432 0.13343497388996184 321
1750578221438 0.12606159462170166 322
1750578460447 0.10487255888680617 323
1750578717224 0.13578876061365008 324
1750578951944 0.11943145316432822 325
1750579187775 0.12763545780696653 326
1750579433673 0.1107469239893059 327
1750579672538 0.14495561892787615 328
1750579906586 0.10539213381707668 329
1750580437726 0.13502396903932096 330
1750580672853 0.11928848973475396 331
1750580907008 0.08880549110472202 332
1750581143983 0.09262122423388064 333
1750581389719 0.13553326452771822 334
1750581655932 0.11993960739875381 335
1750581897205 0.12482199413617226 336
1750582151126 0.07050524512305856 337
1750582400200 0.13704335813721022 338
1750582654460 0.14719513199330927 339
1750583287182 0.1341866535755495 340
1750583545854 0.12728311850999793 341
1750583820405 0.11864636366122536 342
1750584086648 0.12427322180675608 343
1750584354456 0.11156822408416442 344
1750584624306 0.13497623801231384 345
1750584881629 0.08986797777470201 346
1750585136212 0.21058935734132925 347
1750585383584 0.1422722041606903 348
1750585633146 0.15296539893517128 349
1750586274948 0.09279990335926414 350
1750586529890 0.11960711205999057 351
1750586789633 0.13843431746443877 352
1750587046206 0.08679720852524042 353
1750587294912 0.16134123088648686 354
1750587560299 0.16484092448193294 355
1750587831560 0.08591003801960212 356
1750588108048 0.15377716440707445 357
1750588384769 0.07688225980382413 358
1750588652810 0.12477021650052987 359
1750589306668 0.12521980430132576 360
1750589578132 0.08203369565308094 361
1750589866094 0.1434131357818842 362
1750590140044 0.13999919260718993 363
1750590410062 0.10908633583624448 364
1750590675051 0.12041678122029854 365
