1750481586734 -0.7759292622407278 1
1750481724146 -0.5433154329657555 2
1750481832814 -0.629295791898455 3
1750482016497 -0.46645278483629227 4
1750482201301 -0.6689872145652771 5
1750482380803 -0.6366816716534751 6
1750482564390 -0.48410948153053013 7
1750482745714 -0.5912474117108754 8
1750482894864 -0.5425667422158378 9
1750483320027 -0.5304867242063794 10
1750483507848 -0.3625207431614399 11
1750483697444 -0.3964520152658224 12
1750483881875 -0.49918798729777336 13
1750484072225 -0.33937177434563637 14
1750484237673 -0.42904564312526156 15
1750484426285 -0.5517315343022346 16
1750484617699 -0.5051276031881571 17
1750484810366 -0.5146712539717555 18
1750485006758 -0.3508941838517785 19
1750485461323 -0.42879212461411953 20
1750485658690 -0.5881126746535301 21
1750485856395 -0.509121835231781 22
1750486055923 -0.5780899003148079 23
1750486255075 -0.4829328772611916 24
1750486464304 -0.42020771093666553 25
1750486670834 -0.5208005791064352 26
1750486877955 -0.14443419873714447 27
1750487090325 -0.31186414427227444 28
1750487299022 -0.2581714391708374 29
1750487900539 -0.363271351531148 30
1750488112613 -0.43024809492958915 31
1750488331135 -0.47410920495167375 32
1750488552314 -0.3367360184590022 33
1750488763423 -0.30706274178293014 34
1750488983091 -0.3369997524552875 35
1750489201265 -0.370952161308378 36
1750489424197 -0.05354556875924269 37
1750489639204 -0.13373504247930315 38
1750489851844 -0.44234730340540407 39
1750490401099 -0.23252582177519798 40
1750490616254 -0.13898872258141637 41
1750491049354 -0.44573521324329907 42
1750491260613 -0.36253147944808006 43
1750491474715 -0.2852923907339573 44
1750491688598 -0.39818674605339766 45
1750491903750 -0.5096290204674006 46
1750492121865 -0.29684118181467056 47
1750492345436 -0.2720809082190196 48
1750492561225 -0.1566562685701582 49
1750493146016 -0.12726735323667526 50
1750493361671 -0.3265828490257263 51
1750493578289 0.10556574491783977 52
1750493797259 -0.20169407362118363 53
1750494011398 -0.2551367715932429 54
1750494226708 -0.21014110247294107 55
1750494443621 -0.1438443921506405 56
1750494660401 -0.11907316818833351 57
1750494883387 -0.14441952984780074 58
1750495097515 -0.2608870180944602 59
1750495625100 -0.41130145804749596 60
1750495844165 -0.32357211261987684 61
1750496077414 -0.2938156921416521 62
1750496299699 -0.23434421997517346 63
1750496513078 -0.39727158937603235 64
1750496729600 -0.33333952724933624 65
1750496948033 -0.24840801591053605 66
1750497168813 -0.3816602513194084 67
1750497387373 -0.09326077187433839 68
1750497607822 -0.33717365314563114 69
1750498117766 -0.30475040939119125 70
1750498337646 -0.13731708638370038 71
1750498561268 -0.07607623133808375 72
1750498786743 -0.32003851532936095 73
1750499003660 -0.06847749836742878 74
1750499222479 -0.3567375674843788 75
1750499451830 -0.20755429789423943 76
1750499677281 -0.1925571585074067 77
1750499896776 -0.20740794142087302 78
1750500123128 -0.43405798077583313 79
1750500701062 -0.29297886043787 80
1750500928911 -0.05832895748317242 81
1750501153788 0.001691615581512451 82
1750501385461 -0.2377309866926887 83
1750501616857 0.01581771969795227 84
1750501838041 -0.13264829218387603 85
1750502063543 -0.2603573314845562 86
1750502292394 -0.318879920989275 87
1750502520623 -0.04203910245136781 88
1750502748231 -0.17678899094462394 89
1750503369073 -0.14975331435826691 90
1750503605433 -0.32302899062633517 91
1750503844836 -0.040622801147401334 92
1750504077800 -0.06895901188254357 93
1750504320174 -0.10704770785841075 94
1750504556423 -0.16097709387540818 95
1750504786139 -0.20143869370222092 96
1750505024333 -0.15501782894134522 97
1750505260664 -0.20549234682694079 98
1750505494707 -0.23873421773314477 99
1750506066426 -0.11821530285206708 100
1750506297986 -0.21713262274861336 101
1750506542699 -0.3229655579974254 102
1750506781651 -0.31336593478918073 103
1750507043667 0.013546434993093664 104
1750507287503 0.016912341862916947 105
1750507525749 -0.06416274717246945 106
1750507772569 0.11680425703525543 107
1750508018680 -0.09672052692621946 108
1750508265530 -0.17835801343123117 109
1750508828561 0.036365767319997154 110
1750509077573 -0.140907754500707 111
1750509321631 -0.08079892001114786 112
1750509573962 -0.020793321852882702 113
1750509825399 -0.1741648389456364 114
1750510084926 0.13716563381827795 115
1750510359439 0.0902251707656043 116
1750510634817 0.30466346964240076 117
1750510912646 0.15908736416271754 118
1750511213840 0.08300347160547972 119
1750512203481 0.06501467383521445 120
1750512516319 0.11039998207022161 121
1750512830077 0.1289062411006954 122
1750513143484 0.11471455938675824 123
1750513442925 0.019497316628985573 124
1750513741978 0.12868592096492648 125
1750514046624 -0.1076145195402205 126
1750514364120 0.27463650791084065 127
1750514695407 0.2613969268794689 128
1750515080354 0.24527196266821452 129
1750516315499 0.10288771884515882 130
1750516694296 0.19465368462815172 131
1750517095134 0.10457084806902069 132
1750517461997 0.01819014996290207 133
1750517848025 0.01827445688347022 134
1750518213838 0.26354034394025805 135
1750518565175 0.051598069110983295 136
1750518917750 0.356220777685705 137
1750519279625 -0.10193420455066694 138
1750519598684 0.2002257573314839 139
1750520648721 0.1641278883649243 140
1750520982281 -0.08202406148322755 141
1750521336895 -0.055093651986680925 142
1750521679480 0.23073421800999264 143
1750522038555 0.32264123691452873 144
1750522374845 0.01758929081261158 145
1750522705318 0.054089598504728394 146
1750523030847 0.13281031284067366 147
1750523374472 -0.1060137459027924 148
1750523694320 0.1624746826580829 149
1750524719759 -0.007809135441978772 150
1750525032970 -0.05843334645032883 151
1750525354946 0.06472711125388741 152
1750525677414 0.18044044848324525 153
1750525997372 0.12919807102945116 154
1750526323544 0.09683443290284938 155
1750526653863 0.0011545184411500629 156
1750526979770 0.19517676532268524 157
1750527311525 0.016804070884568825 158
1750527630532 0.05314683148430453 159
1750528511966 0.006688315072096884 160
1750528827885 -0.11222844746182947 161
1750529146063 0.09226025761488606 162
1750529457979 -0.02668931107554171 163
1750529771115 -0.32042454029707346 164
1750530078631 0.08608813467435539 165
1750530382115 0.018800653284415603 166
1750530691782 0.029504656462984925 167
1750530989560 -0.04825276741757989 168
1750531278705 -0.05432085832580924 169
1750532008171 0.06685114552965388 170
1750532288290 0.10160710463921228 171
1750532565634 0.13808261363634042 172
1750532861050 0.20188975933706388 173
1750533154806 0.18298473171889781 174
1750533441192 0.03919220542801278 175
1750533726194 0.13015964307955333 176
1750533997909 -0.12531843552222618 177
1750534268259 0.10163353223885808 178
1750534552013 0.047719542682170865 179
1750535251430 0.17717905342578888 180
1750535531196 0.25289426198495285 181
1750535811969 -0.010938550212553569 182
1750536091438 0.06572498733709965 183
1750536367799 0.11743048418845449 184
1750536672831 0.016021637618541716 185
1750536955205 0.20102051060114587 186
1750537247089 0.018234211206436157 187
1750537548642 -0.07292918860912323 188
1750537862422 -0.0799804232083261 189
1750538654810 -0.04254242096794769 190
1750538954617 -0.1460080296965316 191
1750539258386 0.1249175810808083 192
1750539547146 0.019349536128963032 193
1750539842737 0.18942981555924884 194
1750540128683 -0.20791218779049814 195
1750540405826 -0.07285705687744277 196
1750540692466 0.1913137324154377 197
1750540973180 0.020580579659768512 198
1750541270685 0.04086540937423706 199
1750541989864 0.031728135297695796 200
1750542267873 0.0774649049022368 201
1750542548953 -0.09589921434720357 202
1750542832769 0.020927292427846363 203
1750543104263 0.0815716242151601 204
1750543385257 0.03662096309874739 205
1750543651429 -0.11291864567569324 206
1750543937350 0.03535716235637665 207
1750544206476 0.22454832015292986 208
1750544483514 0.08208622382237361 209
1750545129814 -0.09714981329937776 210
1750545408626 -0.03042703792452812 211
1750545682279 -0.015877538094563142 212
1750545954874 0.01761792546936444 213
1750546230031 -0.03343393387539046 214
1750546508009 -0.09683136040201554 215
1750546777855 -0.04438753851822445 216
1750547058762 -0.09948145065988813 217
1750547317700 -0.2219150210065501 218
1750547595676 0.08470526789980275 219
1750548245774 0.11361215993141134 220
1750548514137 -0.0013245349483830588 221
1750548767764 0.047151766144312345 222
1750549030480 -0.05186972829202811 223
1750549284716 -0.0595423288953801 224
1750549536555 -0.2562786116419981 225
1750549789196 -0.19035159796476364 226
1750550054297 -0.16785524568210045 227
1750550305629 -0.06809337281932433 228
1750550574349 -0.38428089251885045 229
1750551257471 -0.12507641315460205 230
1750551524919 0.11954283310721318 231
1750551790166 -0.11306300644691174 232
1750552059496 0.052281549998692105 233
1750552333649 -0.18658867081006367 234
1750552590382 0.06264903435173134 235
1750552847177 -0.06402381509542465 236
1750553114323 0.1129846591502428 237
1750553372220 -0.07114066120881873 238
1750553641163 0.19167690404823848 239
1750554272843 0.07811084848183852 240
1750554532658 -0.0867283877783588 241
1750554807212 0.049324492790869305 242
1750555070866 -0.19294292451097414 243
1750555348177 0.06704574823379517 244
1750555619029 0.1590772569179535 245
1750555912096 0.12218013498932123 246
1750556201548 0.07592666122530188 247
1750556465995 0.13425573786454542 248
1750556780891 0.08710156877835591 249
1750557434440 0.16638700530997344 250
1750557703331 -0.06479638929550464 251
1750557977141 0.1828728309566421 252
1750558270312 -0.17569806134062155 253
1750558538189 0.10915401119452256 254
1750558818213 -0.22984666749835014 255
1750559082238 -0.03810979938134551 256
1750559346839 -0.1291298968717456 257
1750559607780 -0.02229006271227263 258
1750559884350 -0.1740003451704979 259
1750560510267 -0.12650356146817407 260
1750560772825 -0.17492439659933248 261
1750561042523 -0.08413262593631561 262
1750561299174 0.01463211071677506 263
1750561558060 0.05077800269310291 264
1750561813783 -0.09018199784415108 265
1750562080828 -0.013393247929903178 266
1750562357766 0.010105523925561171 267
1750562618644 -0.06857963708730844 268
1750562877322 0.1662296959413932 269
1750563572426 -0.16368693162997563 270
1750563846289 0.11023850337817119 271
1750564111453 -4.449142859532283e-06 272
1750564385175 0.04350805655121803 273
1750564653742 0.003818409595017632 274
1750564938901 -0.07090419366096075 275
1750565205499 -0.19474335413958346 276
1750565465980 -0.13539967886530435 277
1750565726126 -0.122213808962932 278
1750565984939 0.2221521857815484 279
1750566634927 -0.18887939361425546 280
1750566897081 0.16384022341420254 281
1750567156743 -0.1402901720542174 282
1750567416131 -0.058584900107234716 283
1750567666229 -0.2796562897662322 284
1750567916494 -0.009252167617281279 285
1750568163374 -0.09129674794773261 286
1750568419893 -0.08538750683267911 287
1750568668858 -0.24810143622259298 288
1750568917138 -0.31533772063752014 289
1750569517460 -0.06309192006786664 290
1750569774871 -0.1800288458947431 291
1750570017665 -0.12049707093022087 292
1750570255484 -0.08678410269997337 293
1750570499592 -0.18647030415013433 294
1750570743114 -0.0725300641109546 295
1750570978414 -0.09410024569793181 296
1750571217660 -0.13858493821074566 297
1750571446322 -0.058322005718946454 298
1750571678782 -0.27372988245703955 299
1750572286226 -0.12286283634603024 300
1750572519633 -0.06622288714755666 301
1750572752237 -0.027863292192870922 302
1750572991831 -0.46576770038033527 303
1750573234036 -0.21781030906872315 304
1750573474743 0.015223309708138308 305
1750573721816 -0.21179375797510147 306
1750573973234 -0.231789397696654 307
1750574214107 0.15813504125584255 308
1750574457892 -0.23847173961500326 309
1750575028311 -0.2655083196392904 310
1750575289526 -0.4452604027041657 311
1750575532092 -0.23010110513617596 312
1750575773233 -0.2503941540860317 313
1750576005294 -0.34337219782173634 314
1750576241584 -0.009134756147184155 315
1750576483151 0.16110872612758118 316
1750576723255 -0.14020624621347946 317
1750576965245 0.04555944632738829 318
1750577200702 -0.15946428748694333 319
1750577743413 -0.2823361632498828 320
1750577986432 -0.0996395197386543 321
1750578221438 -0.08403374457901175 322
1750578460447 -0.13803276751423255 323
1750578717224 -0.2900826595723629 324
1750578951944 -0.2633571516383778 325
1750579187775 -0.14861082488840277 326
1750579433673 -0.03645570824543635 327
1750579672538 -0.15410992425555983 328
1750579906586 0.14615180417895318 329
1750580437726 -0.12680679932236671 330
1750580672853 -0.20091051198542118 331
1750580907008 -0.029048601334745235 332
1750581143983 -0.06032086089253426 333
1750581389719 -0.036589073638121285 334
1750581655932 -0.1441702155227011 335
1750581897205 -0.15059857701205395 336
1750582151126 0.037415262311697006 337
1750582400200 -0.0004406692460179329 338
1750582654460 -0.19397693313658237 339
1750583287182 0.07317416587223609 340
1750583545854 -0.173040842016538 341
1750583820405 -0.23366299644112587 342
1750584086648 0.025512099864759614 343
1750584354456 -0.06714965935264315 344
1750584624306 0.0031180110360894886 345
1750584881629 -0.029757064146300156 346
1750585136212 0.30779290626135963 347
1750585383584 -0.08727655389035742 348
1750585633146 -0.011254206586342592 349
1750586274948 -0.2462744143170615 350
1750586529890 -0.09627765851716201 351
1750586789633 -0.14538786596117112 352
1750587046206 -0.31301460539301235 353
1750587294912 0.08059565952190986 354
1750587560299 0.19240658787580636 355
1750587831560 0.02428421378135681 356
1750588108048 -0.01346451390002455 357
1750588384769 -0.08095147314348392 358
1750588652810 0.11354652161781605 359
1750589306668 0.13272616187376635 360
1750589578132 -0.06710936953978879 361
1750589866094 0.05863913948996924 362
1750590140044 0.07196047981934887 363
1750590410062 0.13503250692571914 364
1750590675051 -0.013594385809623279 365
