1750481586734 0.0 1
1750481724146 -0.0009143548431893578 2
1750481832814 -0.00018709579411993867 3
1750482016497 0.021208899615885457 4
1750482201301 -0.00023151904012289984 5
1750482380803 -0.0001409291456054364 6
1750482564390 -0.0003415691421001351 7
1750482745714 -0.0005049422657715955 8
1750482894864 -0.0002552286064850965 9
1750483320027 -0.0001049722223862253 10
1750483507848 -0.00023124442941480083 11
1750483697444 0.039586227170730126 12
1750483881875 -0.00024474280871800147 13
1750484072225 -7.098170772223966e-05 14
1750484237673 -0.00029431822310600964 15
1750484426285 -0.000219146408198867 16
1750484617699 -0.0002690589753910899 17
1750484810366 -0.00015684835670981556 18
1750485006758 0.0038641429689505458 19
1750485461323 -0.00012904137656732928 20
1750485658690 -0.0002767848636722192 21
1750485856395 -0.00023066419635142665 22
1750486055923 -0.00031095023223315366 23
1750486255075 -0.00039973656384972855 24
1750486464304 0.002914126409450546 25
1750486670834 -0.0003403400696697645 26
1750486877955 -0.00020850374494330026 27
1750487090325 -0.00035413125685105723 28
1750487299022 -0.00022124494171293918 29
1750487900539 0.01892493147024652 30
1750488112613 -0.00019756220677259585 31
1750488331135 -0.00018883204438679968 32
1750488552314 -0.00014286597757341547 33
1750488763423 -6.07718555127374e-05 34
1750488983091 -0.00018336106829034785 35
1750489201265 -0.0001907581463456154 36
1750489424197 -0.00011338069129528271 37
1750489639204 -0.0001107616133392892 38
1750489851844 -9.507466234026651e-05 39
1750490401099 -0.00011088852988905273 40
1750490616254 -0.00011695097714436997 41
1750491049354 0.06285869077772885 42
1750491260613 -0.00012124083392942946 43
1750491474715 -7.704884501436027e-05 44
1750491688598 -7.994791758392239e-05 45
1750491903750 -0.00017779380596039118 46
1750492121865 -5.2880513612763026e-05 47
1750492345436 -7.766267743944708e-05 48
1750492561225 -4.378452568845306e-05 49
1750493146016 -8.546989593014587e-05 50
1750493361671 -2.716252816349475e-06 51
1750493578289 -2.9978463317092974e-05 52
1750493797259 -0.00010336714622098953 53
1750494011398 -0.00011194790158697288 54
1750494226708 2.4723930336121055e-05 55
1750494443621 -9.942440465238178e-05 56
1750494660401 -4.6717671830265316e-05 57
1750494883387 -0.00012893383263872237 58
1750495097515 -2.8386751081496994e-05 59
1750495625100 -0.0002097188359281669 60
1750495844165 -7.913958229437412e-05 61
1750496077414 -2.408264990663156e-05 62
1750496299699 -9.799353356356732e-05 63
1750496513078 -2.7531824343896005e-05 64
1750496729600 3.860278247884708e-05 65
1750496948033 -8.247797204603557e-05 66
1750497168813 -7.822874686098657e-05 67
1750497387373 2.542820293456316e-05 68
1750497607822 -3.131862003000505e-05 69
1750498117766 -2.1414627553895116e-05 70
1750498337646 -4.9118581227958205e-05 71
1750498561268 -1.8048493802780286e-05 72
1750498786743 -0.00011172750146215549 73
1750499003660 1.4440022368944483e-05 74
1750499222479 -2.9134954093024135e-05 75
1750499451830 -5.475397701957263e-05 76
1750499677281 -2.607467868074309e-05 77
1750499896776 -9.433658285868457e-05 78
1750500123128 -9.274500043829904e-05 79
1750500701062 -0.00011929308020626195 80
1750500928911 -6.587433381355367e-06 81
1750501153788 -9.421351060154848e-05 82
1750501385461 0.006908697574214206 83
1750501616857 2.2631097999692428e-05 84
1750501838041 -6.523350748466328e-05 85
1750502063543 -0.00011433016275077534 86
1750502292394 -5.169989526621066e-06 87
1750502520623 4.7197373615662485e-05 88
1750502748231 -3.8146159204188736e-05 89
1750503369073 -6.055653962407219e-05 90
1750503605433 -7.931459840619937e-05 91
1750503844836 -5.211393504396255e-05 92
1750504077800 -7.551229605269327e-05 93
1750504320174 -5.036893278222785e-05 94
1750504556423 3.067885700147599e-06 95
1750504786139 0.0007907864950539078 96
1750505024333 3.8041889638407156e-05 97
1750505260664 3.5995884536532687e-05 98
1750505494707 -6.157116658869199e-05 99
1750506066426 -1.83506136553743e-05 100
1750506297986 -3.332574233354535e-05 101
1750506542699 -7.97062029960216e-05 102
1750506781651 -8.421980146522401e-05 103
1750507043667 -0.00012892007494387641 104
1750507287503 -1.8432826618663966e-05 105
1750507525749 0.00011398006410507315 106
1750507772569 0.0001212670833865559 107
1750508018680 0.00016089444397948682 108
1750508265530 1.5023480955278501e-05 109
1750508828561 2.9863590308802184e-05 110
1750509077573 0.00020145387134107295 111
1750509321631 5.244443097277932e-05 112
1750509573962 0.00014281972346452676 113
1750509825399 0.00021494860434009193 114
1750510084926 0.00011992194833090672 115
1750510359439 3.361108581754836e-05 116
1750510634817 8.908761580338857e-05 117
1750510912646 2.0170557555892238e-05 118
1750511213840 -6.942742169258054e-05 119
1750512203481 0.00017895518645031296 120
1750512516319 0.0001259261921137188 121
1750512830077 8.555931092107332e-06 122
1750513143484 0.00018476257451659287 123
1750513442925 -0.003942864130067392 124
1750513741978 0.00011075751262978883 125
1750514046624 0.0005624807854474057 126
1750514364120 0.00046827982741353265 127
1750514695407 0.0009893369343545702 128
1750515080354 0.00024487613717653965 129
1750516315499 1.78074632458447e-05 130
1750516694296 -3.6343929997158174e-06 131
1750517095134 -1.063329234187092e-06 132
1750517461997 -1.0630361930452637e-05 133
1750517848025 3.181028148988151e-05 134
1750518213838 3.4854701721087625e-05 135
1750518565175 6.355791839795481e-05 136
1750518917750 -5.515057283015554e-05 137
1750519279625 -8.72120169030192e-06 138
1750519598684 2.8768538363187367e-05 139
1750520648721 -8.528716534783598e-06 140
1750520982281 4.891621968757439e-05 141
1750521336895 1.435024205420632e-05 142
1750521679480 3.949592280007078e-05 143
1750522038555 1.7511146931307547e-05 144
1750522374845 2.9001797156524844e-05 145
1750522705318 5.239021802002466e-05 146
1750523030847 1.64717194921751e-05 147
1750523374472 4.6860835266814226e-05 148
1750523694320 -6.4282735365850385e-06 149
1750524719759 -4.674835953563969e-05 150
1750525032970 4.01219505066466e-06 151
1750525354946 2.7158118630015655e-05 152
1750525677414 3.0240353756501765e-05 153
1750525997372 -8.682700859531502e-06 154
1750526323544 -4.482071358324902e-05 155
1750526653863 -2.758464133397578e-05 156
1750526979770 -1.4286016873181021e-05 157
1750527311525 3.4027432623891705e-05 158
1750527630532 1.3223939580105556e-05 159
1750528511966 -1.6905845541259623e-05 160
1750528827885 8.008376650703962e-05 161
1750529146063 -2.20631505619488e-05 162
1750529457979 -3.421313471739672e-05 163
1750529771115 4.849533027428312e-05 164
1750530078631 -8.449848678537819e-06 165
1750530382115 2.614392974464863e-05 166
1750530691782 -2.4246072023422184e-05 167
1750530989560 3.032740573871706e-05 168
1750531278705 2.422575926175341e-05 169
1750532008171 -1.1926627507818921e-05 170
1750532288290 1.1564702799660153e-05 171
1750532565634 6.079502522230282e-06 172
1750532861050 -2.5957650109376118e-05 173
1750533154806 -2.4984295547862225e-05 174
1750533441192 2.5989557408528136e-05 175
1750533726194 -3.3832031736632674e-05 176
1750533997909 -9.647212919634722e-05 177
1750534268259 1.636384435447066e-05 178
1750534552013 1.7707061488181353e-06 179
1750535251430 -6.3691975031231e-06 180
1750535531196 3.807921919880235e-05 181
1750535811969 -4.424905897134782e-05 182
1750536091438 4.9296818799250885e-05 183
1750536367799 -9.400098211439659e-06 184
1750536672831 3.3012624226103074e-05 185
1750536955205 3.939829983729786e-05 186
1750537247089 -1.7181251678266563e-05 187
1750537548642 -1.3613780720334034e-05 188
1750537862422 -1.810606909202761e-05 189
1750538654810 1.491334558068047e-05 190
1750538954617 -1.1223287970096862e-05 191
1750539258386 1.2725411124847597e-06 192
1750539547146 1.2572790486350035e-05 193
1750539842737 5.557342020828011e-05 194
1750540128683 1.2683709038745811e-05 195
1750540405826 -3.0187056836439297e-06 196
1750540692466 2.5661780455266126e-05 197
1750540973180 1.8934349295055392e-05 198
1750541270685 8.697144585312344e-05 199
1750541989864 8.689961808462006e-05 200
1750542267873 0.00012719216985195608 201
1750542548953 4.527953763802846e-05 202
1750542832769 2.668547066215459e-05 203
1750543104263 -4.430980944951963e-06 204
1750543385257 -5.297741569977786e-05 205
1750543651429 6.516799424259392e-05 206
1750543937350 -5.272831679446556e-05 207
1750544206476 -1.2231878437367933e-05 208
1750544483514 1.8836444164312874e-05 209
1750545129814 6.487808714155108e-05 210
1750545408626 -0.00590332399685091 211
1750545682279 -9.010235050612079e-05 212
1750545954874 -4.269915994622611e-06 213
1750546230031 3.399446891957528e-05 214
1750546508009 -8.423271188243793e-07 215
1750546777855 -3.671756141037414e-06 216
1750547058762 -4.4429016790153196e-05 217
1750547317700 6.031431127796948e-05 218
1750547595676 5.5083139159251004e-05 219
1750548245774 4.367712366123063e-05 220
1750548514137 1.8106142046495472e-05 221
1750548767764 6.898942788561377e-05 222
1750549030480 0.00012419107770256232 223
1750549284716 -3.0979119098143806e-06 224
1750549536555 9.727986495515022e-05 225
1750549789196 -1.669871623259193e-05 226
1750550054297 1.0371374931613294e-05 227
1750550305629 6.297495792750851e-05 228
1750550574349 -5.596983212923918e-05 229
1750551257471 7.40748060934493e-05 230
1750551524919 -2.136690181941958e-05 231
1750551790166 2.454575923575948e-06 232
1750552059496 -3.6758194937647204e-05 233
1750552333649 -1.3785927634065349e-05 234
1750552590382 -6.48042017322344e-05 235
1750552847177 8.682993241867128e-05 236
1750553114323 1.1381445412033437e-05 237
1750553372220 -3.433745447322368e-05 238
1750553641163 -3.7670287513589885e-05 239
1750554272843 -7.547280872061563e-07 240
1750554532658 -0.006504293008869614 241
1750554807212 -1.4715970272456097e-05 242
1750555070866 2.9657992119889688e-05 243
1750555348177 -8.668426224695785e-06 244
1750555619029 -1.059943198405173e-05 245
1750555912096 2.6462867708687554e-05 246
1750556201548 -6.301824233949966e-05 247
1750556465995 -2.292320069890203e-06 248
1750556780891 1.3827340202017997e-06 249
1750557434440 -2.7210327061766293e-05 250
1750557703331 3.125856416702915e-05 251
1750557977141 7.683798854226811e-05 252
1750558270312 3.459023355389945e-05 253
1750558538189 4.2599794351889825e-05 254
1750558818213 -1.4498631052057525e-05 255
1750559082238 -5.116484576969274e-06 256
1750559346839 2.3225875128656087e-05 257
1750559607780 1.3890018143077517e-05 258
1750559884350 2.4474339235374437e-05 259
1750560510267 9.22501931199804e-06 260
1750560772825 -3.2701836971682496e-06 261
1750561042523 -3.2080686511247994e-05 262
1750561299174 2.1779536685547402e-05 263
1750561558060 -2.8307637526617887e-05 264
1750561813783 -3.1305842899850435e-05 265
1750562080828 -1.6601358835871975e-05 266
1750562357766 -2.373737236037134e-06 267
1750562618644 -7.634038830964038e-06 268
1750562877322 3.297564734776433e-07 269
1750563572426 -1.1132659922926299e-05 270
1750563846289 9.223823256504078e-06 271
1750564111453 1.868317066020189e-05 272
1750564385175 -4.8835585232609446e-05 273
1750564653742 3.2516671429524045e-05 274
1750564938901 -5.1808332080746856e-05 275
1750565205499 1.006852211763284e-06 276
1750565465980 -2.584654556323165e-05 277
1750565726126 -3.999985682849701e-08 278
1750565984939 4.342028114479035e-05 279
1750566634927 3.609908521166989e-06 280
1750566897081 -5.9827674500449275e-06 281
1750567156743 5.748881078314018e-05 282
1750567416131 1.3690633106004194e-05 283
1750567666229 -1.1774071632923247e-05 284
1750567916494 1.5703572936824155e-05 285
1750568163374 -3.506683098445743e-05 286
1750568419893 3.492443405169373e-05 287
1750568668858 -3.966290296375519e-05 288
1750568917138 -9.661528516365554e-05 289
1750569517460 -1.3628071277101602e-05 290
1750569774871 -1.2890223429580642e-05 291
1750570017665 6.999660135162148e-05 292
1750570255484 9.557108734787272e-06 293
1750570499592 -4.4743872156990015e-05 294
1750570743114 -2.6449767801750568e-05 295
1750570978414 -4.2850591853493825e-05 296
1750571217660 2.386859551014216e-05 297
1750571446322 5.7276541127748715e-06 298
1750571678782 -3.0878808254122056e-05 299
1750572286226 7.490796087950002e-05 300
1750572519633 -1.8914784597902987e-05 301
1750572752237 -6.738746213324538e-05 302
1750572991831 -4.438276031730008e-06 303
1750573234036 -3.09395360421728e-05 304
1750573474743 -3.335094091501863e-05 305
1750573721816 -3.772309598086091e-05 306
1750573973234 2.5103765589544007e-05 307
1750574214107 4.0943993636491626e-05 308
1750574457892 4.4554454386040256e-05 309
1750575028311 0.004328447654188494 310
1750575289526 5.08300614786673e-06 311
1750575532092 -5.807952561553975e-05 312
1750575773233 1.768737638485618e-05 313
1750576005294 -5.079375841887668e-05 314
1750576241584 1.1925136773656545e-05 315
1750576483151 1.4171171973099593e-05 316
1750576723255 2.0976547437550668e-05 317
1750576965245 5.816112585913895e-06 318
1750577200702 1.4327857984012967e-05 319
1750577743413 -1.25026748388667e-07 320
1750577986432 6.40136264943673e-06 321
1750578221438 -4.174884493708801e-06 322
1750578460447 -3.161693712172564e-05 323
1750578717224 -1.1896676975690449e-05 324
1750578951944 3.378122644128532e-05 325
1750579187775 0.0019140790606219195 326
1750579433673 -3.7248951381722385e-05 327
1750579672538 -7.291706818553696e-05 328
1750579906586 3.21128245559521e-05 329
1750580437726 5.2639527348219416e-05 330
1750580672853 -7.852280759834684e-06 331
1750580907008 4.765531775774434e-05 332
1750581143983 6.835760541434866e-06 333
1750581389719 5.2961567841218006e-05 334
1750581655932 4.73382065551546e-05 335
1750581897205 -7.770718994751488e-05 336
1750582151126 -2.760515417321585e-05 337
1750582400200 4.430114070904286e-05 338
1750582654460 -3.4414570867132475e-05 339
1750583287182 8.717925387221234e-06 340
1750583545854 5.031566600640266e-05 341
1750583820405 -2.3089709429768845e-05 342
1750584086648 -3.930436599018451e-05 343
1750584354456 1.893561531168026e-05 344
1750584624306 3.1314018477652485e-05 345
1750584881629 -1.549769831399317e-05 346
1750585136212 3.024477640186281e-05 347
1750585383584 -4.2414531587079786e-05 348
1750585633146 -3.305917506133063e-05 349
1750586274948 1.9088047944630187e-05 350
1750586529890 -1.0657281791282003e-05 351
1750586789633 9.456970824080949e-06 352
1750587046206 1.2722103444199698e-05 353
1750587294912 1.4387767315873554e-05 354
1750587560299 7.010133133287757e-05 355
1750587831560 3.393692224143216e-05 356
1750588108048 -2.5412682849231976e-05 357
1750588384769 0.00046303950989567966 358
1750588652810 5.832593048510786e-05 359
1750589306668 -3.466859717653798e-06 360
1750589578132 6.665690826983857e-06 361
1750589866094 1.5445239569089608e-05 362
1750590140044 1.8058537534670904e-05 363
1750590410062 8.545791758608954e-05 364
1750590675051 0.00015558717327971512 365
