1750481586734 8.909921201004181 1
1750481724146 7.016270989028271 2
1750481832814 7.214968029002193 3
1750482016497 7.456837798003107 4
1750482201301 7.135829992999788 5
1750482380803 7.5286873820004985 6
1750482564390 7.860294511949178 7
1750482745714 8.098987545003183 8
1750482894864 7.543989829020575 9
1750483320027 7.872352940961719 10
1750483507848 7.384369686013088 11
1750483697444 7.989140474994201 12
1750483881875 7.801858857041225 13
1750484072225 8.45272224402288 14
1750484237673 7.799328066990711 15
1750484426285 8.724150707013905 16
1750484617699 8.859209712012671 17
1750484810366 9.18339930899674 18
1750485006758 8.393522928992752 19
1750485461323 7.66344630200183 20
1750485658690 9.5740882519749 21
1750485856395 9.630327710998245 22
1750486055923 9.911858846026007 23
1750486255075 10.28868085402064 24
1750486464304 17.451304138987325 25
1750486670834 13.050220543984324 26
1750486877955 12.50368335202802 27
1750487090325 12.813699522987008 28
1750487299022 12.65711636596825 29
1750487900539 14.842130046978127 30
1750488112613 14.72307283198461 31
1750488331135 20.271380065008998 32
1750488552314 17.323465003981255 33
1750488763423 13.68010471801972 34
1750488983091 17.837826758041047 35
1750489201265 17.383420907019172 36
1750489424197 15.815984426997602 37
1750489639204 16.522659024980385 38
1750489851844 13.529415278986562 39
1750490401099 13.69028315198375 40
1750490616254 17.0531874440494 41
1750491049354 233.50368084997172 42
1750491260613 15.30579677602509 43
1750491474715 13.76285286503844 44
1750491688598 16.092325635021552 45
1750491903750 16.088876825000625 46
1750492121865 15.333576295990497 47
1750492345436 23.257721664966084 48
1750492561225 13.074682018021122 49
1750493146016 15.595989897032268 50
1750493361671 14.649565973028075 51
1750493578289 15.851265211997088 52
1750493797259 13.927105573995505 53
1750494011398 13.672342530975584 54
1750494226708 13.455818791000638 55
1750494443621 15.401862019964028 56
1750494660401 15.260896695021074 57
1750494883387 16.935764563968405 58
1750495097515 14.047096140973736 59
1750495625100 16.821707922033966 60
1750495844165 15.671543437987566 61
1750496077414 33.8931349409977 62
1750496299699 19.252616830985062 63
1750496513078 13.518893707951065 64
1750496729600 13.83551607298432 65
1750496948033 14.144745221012272 66
1750497168813 16.015957585012075 67
1750497387373 14.716403264028486 68
1750497607822 13.227541748026852 69
1750498117766 16.97107535903342 70
1750498337646 14.393486301007215 71
1750498561268 15.734400834015105 72
1750498786743 23.410655477957334 73
1750499003660 16.592679677007254 74
1750499222479 15.150659341015853 75
1750499451830 16.143888183985837 76
1750499677281 19.28943626297405 77
1750499896776 15.792341585969552 78
1750500123128 17.091196525027044 79
1750500701062 20.2163822419825 80
1750500928911 19.40048982598819 81
1750501153788 14.074086700973567 82
1750501385461 16.822586976981256 83
1750501616857 18.7830504909507 84
1750501838041 14.253736186015885 85
1750502063543 15.966865526977926 86
1750502292394 18.30650812003296 87
1750502520623 14.703446820029058 88
1750502748231 16.789183843007777 89
1750503369073 19.382514911994804 90
1750503605433 16.917324053007178 91
1750503844836 22.135483829013538 92
1750504077800 17.07577478699386 93
1750504320174 17.045597285032272 94
1750504556423 17.866958316997625 95
1750504786139 14.415178620954975 96
1750505024333 24.490620738011785 97
1750505260664 22.090792478004005 98
1750505494707 16.030543347995263 99
1750506066426 14.827442537993193 100
1750506297986 16.265218012034893 101
1750506542699 18.04486755398102 102
1750506781651 15.617674292006996 103
1750507043667 43.82332495402079 104
1750507287503 18.6036497449968 105
1750507525749 17.52167502802331 106
1750507772569 21.34125584299909 107
1750508018680 16.15878016600618 108
1750508265530 20.299087826977484 109
1750508828561 17.108357936958782 110
1750509077573 17.019184472970665 111
1750509321631 19.990640664007515 112
1750509573962 19.258763219986577 113
1750509825399 18.209524856007192 114
1750510084926 19.458212330006063 115
1750510359439 22.984316660964396 116
1750510634817 19.965205932967365 117
1750510912646 21.59249492897652 118
1750511213840 24.767169665021356 119
1750512203481 23.732541274977848 120
1750512516319 21.471939377021044 121
1750512830077 21.49801048199879 122
1750513143484 29.390766490949318 123
1750513442925 23.800506644998677 124
1750513741978 23.78061593900202 125
1750514046624 22.697960741992574 126
1750514364120 25.800746493041515 127
1750514695407 23.722713676979765 128
1750515080354 28.354313721996732 129
1750516315499 27.66866469703382 130
1750516694296 29.86395548499422 131
1750517095134 27.082982019986957 132
1750517461997 27.02978057001019 133
1750517848025 30.620045847957954 134
1750518213838 25.76582845603116 135
1750518565175 26.049765021016356 136
1750518917750 27.310123617993668 137
1750519279625 48.74601146799978 138
1750519598684 24.713325757998973 139
1750520648721 32.14723454398336 140
1750520982281 23.740201189997606 141
1750521336895 31.133632951998152 142
1750521679480 24.992373335990123 143
1750522038555 36.467554845963605 144
1750522374845 24.157317511038855 145
1750522705318 23.891266963037197 146
1750523030847 28.390041439968627 147
1750523374472 26.467505197040737 148
1750523694320 26.73504551796941 149
1750524719759 30.03208245401038 150
1750525032970 22.49524796701735 151
1750525354946 26.444549175037537 152
1750525677414 25.014329555036966 153
1750525997372 21.67372500197962 154
1750526323544 26.182992101006676 155
1750526653863 26.866759549011476 156
1750526979770 25.715817213000264 157
1750527311525 33.2107927420293 158
1750527630532 22.227124637982342 159
1750528511966 21.277506368001923 160
1750528827885 23.08347707800567 161
1750529146063 25.869154046988115 162
1750529457979 22.58648257900495 163
1750529771115 22.642809636017773 164
1750530078631 22.1805657359655 165
1750530382115 23.09263995703077 166
1750530691782 21.976770828012377 167
1750530989560 24.79992845200468 168
1750531278705 22.130436230043415 169
1750532008171 20.504229478014167 170
1750532288290 20.398295947001316 171
1750532565634 18.100902104983106 172
1750532861050 22.28401792095974 173
1750533154806 21.47392120800214 174
1750533441192 19.030173385050148 175
1750533726194 24.255098712979816 176
1750533997909 21.760740850004368 177
1750534268259 20.45945603796281 178
1750534552013 20.99988903402118 179
1750535251430 17.31421733100433 180
1750535531196 20.386398348025978 181
1750535811969 19.361468911985867 182
1750536091438 24.91789676703047 183
1750536367799 23.686629389005248 184
1750536672831 46.40677771001356 185
1750536955205 21.14878091396531 186
1750537247089 24.896221989009064 187
1750537548642 25.47933214303339 188
1750537862422 22.091917312005535 189
1750538654810 24.089072790986393 190
1750538954617 20.764888687990606 191
1750539258386 19.82133020501351 192
1750539547146 19.78228033002233 193
1750539842737 25.20251473801909 194
1750540128683 19.251245166989975 195
1750540405826 19.062751649995334 196
1750540692466 25.308468882984016 197
1750540973180 22.44463981600711 198
1750541270685 26.239352072996553 199
1750541989864 19.491896673978772 200
1750542267873 18.28889613400679 201
1750542548953 19.799945264006965 202
1750542832769 25.099926430964842 203
1750543104263 24.04738824197557 204
1750543385257 18.900279167981353 205
1750543651429 20.24201105395332 206
1750543937350 23.120387020986527 207
1750544206476 19.031733020034153 208
1750544483514 20.368063014000654 209
1750545129814 40.10523398400983 210
1750545408626 26.12978174199816 211
1750545682279 21.052047270990442 212
1750545954874 22.259362687997054 213
1750546230031 23.0233757859678 214
1750546508009 25.40409379597986 215
1750546777855 17.72540711797774 216
1750547058762 26.116112075047567 217
1750547317700 18.27293647697661 218
1750547595676 20.460101727978326 219
1750548245774 21.62041503295768 220
1750548514137 19.179686708957888 221
1750548767764 16.95884383894736 222
1750549030480 17.761450272984803 223
1750549284716 16.56383914395701 224
1750549536555 16.22037725901464 225
1750549789196 16.88332260597963 226
1750550054297 22.895184252003673 227
1750550305629 16.157898442994338 228
1750550574349 17.915512363018934 229
1750551257471 24.2606797789922 230
1750551524919 18.602196609019302 231
1750551790166 17.635531123029068 232
1750552059496 21.30371170199942 233
1750552333649 22.103568150952924 234
1750552590382 17.852241236018017 235
1750552847177 20.464260840963107 236
1750553114323 18.922574213007465 237
1750553372220 18.092198843020014 238
1750553641163 20.730626820994075 239
1750554272843 18.62555853894446 240
1750554532658 18.72899773705285 241
1750554807212 22.3758531230269 242
1750555070866 19.196524779952597 243
1750555348177 23.905931780987885 244
1750555619029 19.76120190398069 245
1750555912096 19.83399037097115 246
1750556201548 24.679043675016146 247
1750556465995 18.865804828994442 248
1750556780891 44.689881019003224 249
1750557434440 21.190542464959435 250
1750557703331 19.44274732703343 251
1750557977141 21.408485333027784 252
1750558270312 29.28032855404308 253
1750558538189 19.16873004595982 254
1750558818213 26.124883867043536 255
1750559082238 21.66041084897006 256
1750559346839 20.143590869032778 257
1750559607780 19.112632702977862 258
1750559884350 20.459727224020753 259
1750560510267 16.72342919197399 260
1750560772825 20.784509408986196 261
1750561042523 22.627220488968305 262
1750561299174 17.97959050902864 263
1750561558060 20.675891322956886 264
1750561813783 16.233152549015358 265
1750562080828 18.04055056499783 266
1750562357766 31.151346169004682 267
1750562618644 18.117920034041163 268
1750562877322 18.229991556028835 269
1750563572426 21.83829795900965 270
1750563846289 20.02112908702111 271
1750564111453 19.9817440789775 272
1750564385175 22.265312754025217 273
1750564653742 18.274660375958774 274
1750564938901 25.855454735981766 275
1750565205499 20.41148145601619 276
1750565465980 19.360470712010283 277
1750565726126 20.572635467979126 278
1750565984939 18.603236972005107 279
1750566634927 18.893771343980916 280
1750566897081 23.06542006402742 281
1750567156743 17.734769965987653 282
1750567416131 21.8481582539971 283
1750567666229 19.923493262031116 284
1750567916494 21.244376185000874 285
1750568163374 18.841749599028844 286
1750568419893 29.749678284977563 287
1750568668858 17.126398465014063 288
1750568917138 16.854970521992072 289
1750569517460 18.445433736022096 290
1750569774871 30.716970120964106 291
1750570017665 19.431158632040024 292
1750570255484 22.324982388003264 293
1750570499592 24.522119537985418 294
1750570743114 18.66523161600344 295
1750570978414 15.289329581952188 296
1750571217660 23.161205406999215 297
1750571446322 15.507876412011683 298
1750571678782 15.211847269965801 299
1750572286226 17.77488685498247 300
1750572519633 15.697100346034858 301
1750572752237 14.900805602956098 302
1750572991831 18.100055781949777 303
1750573234036 16.091360882972367 304
1750573474743 16.085161897994112 305
1750573721816 17.259786812996026 306
1750573973234 20.67187930602813 307
1750574214107 17.076826162985526 308
1750574457892 16.757560053025372 309
1750575028311 23.584461990976706 310
1750575289526 32.96705637901323 311
1750575532092 16.352705198980402 312
1750575773233 16.338033193955198 313
1750576005294 14.501881845004391 314
1750576241584 16.58852625603322 315
1750576483151 18.57219656300731 316
1750576723255 19.781670477008447 317
1750576965245 16.59584475000156 318
1750577200702 15.420796119957231 319
1750577743413 14.606522495043464 320
1750577986432 15.957461012003478 321
1750578221438 17.02352540200809 322
1750578460447 16.156374707992654 323
1750578717224 29.879749735991936 324
1750578951944 16.34050217299955 325
1750579187775 16.05515489896061 326
1750579433673 19.95786445902195 327
1750579672538 15.829126695985906 328
1750579906586 17.29287021100754 329
1750580437726 12.677048387995455 330
1750580672853 18.614209349965677 331
1750580907008 15.255378992005717 332
1750581143983 15.980257396004163 333
1750581389719 21.31573439895874 334
1750581655932 29.355072717007715 335
1750581897205 16.447682134981733 336
1750582151126 18.769200723967515 337
1750582400200 18.465857808012515 338
1750582654460 20.212278506020084 339
1750583287182 16.124882100033574 340
1750583545854 18.254892016993836 341
1750583820405 19.40894200198818 342
1750584086648 18.028331248962786 343
1750584354456 18.90804459102219 344
1750584624306 19.560011501947884 345
1750584881629 19.212772220023908 346
1750585136212 19.378848888038192 347
1750585383584 16.3823394930223 348
1750585633146 15.842686445976142 349
1750586274948 17.083449123019818 350
1750586529890 24.47065382299479 351
1750586789633 17.85358409699984 352
1750587046206 23.0499577629962 353
1750587294912 16.79572930902941 354
1750587560299 22.532923777995165 355
1750587831560 22.317280090006534 356
1750588108048 23.909363613987807 357
1750588384769 21.067901687056292 358
1750588652810 26.145046179008204 359
1750589306668 17.921487385989167 360
1750589578132 24.438701957988087 361
1750589866094 21.749755640979856 362
1750590140044 20.34551970398752 363
1750590410062 18.72922135196859 364
1750590675051 20.31605100102024 365
