1750481586734 94.17053629696602 1
1750481724146 109.41438047605334 2
1750481832814 78.49075914599234 3
1750482016497 155.19897625397425 4
1750482201301 156.64338619401678 5
1750482380803 151.0397602619487 6
1750482564390 155.08803104498656 7
1750482745714 152.68864185799612 8
1750482894864 120.5715105800191 9
1750483320027 153.99712047498906 10
1750483507848 158.11623639398022 11
1750483697444 158.85029505897546 12
1750483881875 154.42861449997872 13
1750484072225 159.94185168499826 14
1750484237673 137.16145819600206 15
1750484426285 156.5609530120273 16
1750484617699 161.04555041901767 17
1750484810366 161.35921188798966 18
1750485006758 164.86648309003795 19
1750485461323 159.67234242899576 20
1750485658690 164.99805215297965 21
1750485856395 165.28185982001014 22
1750486055923 166.57575752900448 23
1750486255075 166.0423014839762 24
1750486464304 167.5072235809639 25
1750486670834 168.87886929698288 26
1750486877955 169.6849838430062 27
1750487090325 172.82598054001573 28
1750487299022 171.27443237102125 29
1750487900539 171.70058107801015 30
1750488112613 170.5731369300047 31
1750488331135 171.13090934295906 32
1750488552314 176.91217980801594 33
1750488763423 171.17123708501458 34
1750488983091 175.33200557698729 35
1750489201265 173.03366355603794 36
1750489424197 180.3436465089908 37
1750489639204 171.78633933403762 38
1750489851844 171.02751822501887 39
1750490401099 167.14753661199939 40
1750490616254 172.17315200599842 41
1750491049354 171.73193669697503 42
1750491260613 169.8647405259544 43
1750491474715 172.97025743400445 44
1750491688598 170.7802277180017 45
1750491903750 172.72550750500523 46
1750492121865 175.91426856903126 47
1750492345436 173.99399652099237 48
1750492561225 177.1416761620203 49
1750493146016 177.57100355805596 50
1750493361671 174.00075091497274 51
1750493578289 175.49224511900684 52
1750493797259 176.5396146790008 53
1750494011398 173.71423870901344 54
1750494226708 175.91749124100897 55
1750494443621 174.72929065302014 56
1750494660401 173.30770730401855 57
1750494883387 179.0658978910069 58
1750495097515 173.6947075339849 59
1750495625100 179.97420806100126 60
1750495844165 175.49837379704695 61
1750496077414 171.12038186297286 62
1750496299699 175.24375915696146 63
1750496513078 175.07957998500206 64
1750496729600 174.94082374399295 65
1750496948033 175.5839592179982 66
1750497168813 177.21988695597975 67
1750497387373 175.25369379896438 68
1750497607822 180.4072220789967 69
1750498117766 172.73344039201038 70
1750498337646 177.10870788199827 71
1750498561268 177.24972382601118 72
1750498786743 173.53575053595705 73
1750499003660 172.77704018802615 74
1750499222479 175.44838790100766 75
1750499451830 182.2589603770175 76
1750499677281 177.1045214739861 77
1750499896776 176.09535751497606 78
1750500123128 179.1651626129751 79
1750500701062 177.05203077802435 80
1750500928911 178.8871437740163 81
1750501153788 180.52683350199368 82
1750501385461 181.1304914850043 83
1750501616857 180.6025336959865 84
1750501838041 176.95308818802005 85
1750502063543 179.561393623997 86
1750502292394 180.60440203198232 87
1750502520623 181.64176884602057 88
1750502748231 180.8173087380128 89
1750503369073 189.02902946202084 90
1750503605433 186.8649980330374 91
1750503844836 185.3043526080437 92
1750504077800 184.29360649100272 93
1750504320174 192.07661478902446 94
1750504556423 185.46268552698893 95
1750504786139 185.3526420260314 96
1750505024333 183.5094273640425 97
1750505260664 183.48710328299785 98
1750505494707 187.0286772500258 99
1750506066426 186.37531264103018 100
1750506297986 183.3337828979711 101
1750506542699 189.7123065330088 102
1750506781651 191.6869156769826 103
1750507043667 186.19742494501406 104
1750507287503 192.40514049405465 105
1750507525749 188.2527834790526 106
1750507772569 192.07197145198006 107
1750508018680 193.5925605269731 108
1750508265530 192.39250775496475 109
1750508828561 191.24730480997823 110
1750509077573 195.0020513740019 111
1750509321631 190.4109642499825 112
1750509573962 196.54132140497677 113
1750509825399 195.28526504000183 114
1750510084926 201.21643640700495 115
1750510359439 211.32572188100312 116
1750510634817 211.29307431500638 117
1750510912646 212.63311510399217 118
1750511213840 225.15413008001633 119
1750512203481 231.35228534397902 120
1750512516319 237.77932441496523 121
1750512830077 241.26448874198832 122
1750513143484 233.15914108097786 123
1750513442925 228.21613948600134 124
1750513741978 228.20252508297563 125
1750514046624 230.80450240999926 126
1750514364120 239.86275741196005 127
1750514695407 251.4494980010204 128
1750515080354 294.19661007699324 129
1750516315499 283.92778908397304 130
1750516694296 286.24555944802705 131
1750517095134 310.26633383199805 132
1750517461997 278.1218651899835 133
1750517848025 294.0487108719535 134
1750518213838 277.8897957269801 135
1750518565175 265.77414620801574 136
1750518917750 265.6742710559629 137
1750519279625 256.88090532802744 138
1750519598684 240.11814853799297 139
1750520648721 247.53103812702466 140
1750520982281 255.65190153598087 141
1750521336895 263.63758000999223 142
1750521679480 258.8634339160053 143
1750522038555 265.14323669997975 144
1750522374845 253.45866946899332 145
1750522705318 250.75728463899577 146
1750523030847 241.3003572099842 147
1750523374472 261.6372852430213 148
1750523694320 240.33923561597476 149
1750524719759 247.88561334297992 150
1750525032970 238.7509268450085 151
1750525354946 240.1997755219927 152
1750525677414 242.75645908899605 153
1750525997372 244.58582854596898 154
1750526323544 245.74451352696633 155
1750526653863 245.66633105295477 156
1750526979770 243.55142341001192 157
1750527311525 242.44208683102624 158
1750527630532 243.08903647895204 159
1750528511966 236.21094034198904 160
1750528827885 240.4322398979566 161
1750529146063 239.4667819039896 162
1750529457979 237.7240071989945 163
1750529771115 239.21933093399275 164
1750530078631 236.3245873330161 165
1750530382115 229.42936952301534 166
1750530691782 236.6228186910157 167
1750530989560 224.2671266059624 168
1750531278705 219.36474418197758 169
1750532008171 218.6261097319657 170
1750532288290 214.8415772439912 171
1750532565634 216.81353932595812 172
1750532861050 227.76729222899303 173
1750533154806 225.62185829103692 174
1750533441192 224.3274079989642 175
1750533726194 219.01310092001222 176
1750533997909 210.93528975802474 177
1750534268259 208.82343939098064 178
1750534552013 217.30953927099472 179
1750535251430 220.3287750419695 180
1750535531196 217.06720239296556 181
1750535811969 217.83777557103895 182
1750536091438 213.22312552900985 183
1750536367799 209.36907085496932 184
1750536672831 215.55220467800973 185
1750536955205 218.65044610295445 186
1750537247089 221.8934564460069 187
1750537548642 231.5839416780509 188
1750537862422 244.2979380179895 189
1750538654810 238.05163341399748 190
1750538954617 232.85718515899498 191
1750539258386 235.90818190202117 192
1750539547146 223.8219763750094 193
1750539842737 225.99336467898684 194
1750540128683 220.91255229897797 195
1750540405826 216.7581704890472 196
1750540692466 218.3966516929795 197
1750540973180 215.5827850200003 198
1750541270685 227.15398524701595 199
1750541989864 222.9392669480294 200
1750542267873 215.31978303997312 201
1750542548953 216.49803069402697 202
1750542832769 215.80591404403094 203
1750543104263 206.6917710249545 204
1750543385257 220.1524615639937 205
1750543651429 206.07480578299146 206
1750543937350 219.76092125597643 207
1750544206476 208.98199652897893 208
1750544483514 215.3285828870139 209
1750545129814 214.39791219198378 210
1750545408626 209.6043922569952 211
1750545682279 210.73459685000125 212
1750545954874 210.21210050798254 213
1750546230031 210.41574593703263 214
1750546508009 212.29329452797538 215
1750546777855 210.62248357298085 216
1750547058762 212.46568938199198 217
1750547317700 200.6660859240219 218
1750547595676 215.1495852600201 219
1750548245774 200.02014972898178 220
1750548514137 209.48942898999667 221
1750548767764 198.8283950019977 222
1750549030480 206.7440105440328 223
1750549284716 197.9490168300108 224
1750549536555 198.1274806020083 225
1750549789196 198.34510569396662 226
1750550054297 204.43486794398632 227
1750550305629 196.92456982895965 228
1750550574349 209.6753115869942 229
1750551257471 218.2696481680032 230
1750551524919 209.77880600298522 231
1750551790166 209.42168836394558 232
1750552059496 205.89472268498503 233
1750552333649 208.575631434971 234
1750552590382 201.3697689109831 235
1750552847177 197.8364304730203 236
1750553114323 207.95259759901091 237
1750553372220 200.2249379470013 238
1750553641163 208.1388498879969 239
1750554272843 214.3592647149926 240
1750554532658 200.36385428300127 241
1750554807212 210.97080816800008 242
1750555070866 205.11920587997884 243
1750555348177 211.74745300901122 244
1750555619029 209.18301971501205 245
1750555912096 227.3367074050475 246
1750556201548 220.71989271300845 247
1750556465995 204.2011472490267 248
1750556780891 225.95181359001435 249
1750557434440 211.28891928400844 250
1750557703331 209.9997558380128 251
1750557977141 208.6730106640025 252
1750558270312 222.2667142690043 253
1750558538189 206.79180674103554 254
1750558818213 212.04818890796741 255
1750559082238 199.9989778480376 256
1750559346839 204.58580683899345 257
1750559607780 202.7254481179989 258
1750559884350 215.74394676700467 259
1750560510267 193.83410828904016 260
1750560772825 203.48344269004883 261
1750561042523 208.3293031330104 262
1750561299174 200.88857545499923 263
1750561558060 201.6319646500051 264
1750561813783 199.39992332202382 265
1750562080828 207.88837463001255 266
1750562357766 205.9770205829991 267
1750562618644 202.83579681697302 268
1750562877322 200.57080700498773 269
1750563572426 225.82137293799315 270
1750563846289 212.38507467397721 271
1750564111453 204.24606651102658 272
1750564385175 210.24646351701813 273
1750564653742 211.3844714119914 274
1750564938901 217.0737043339759 275
1750565205499 205.74058775999583 276
1750565465980 202.21030426298967 277
1750565726126 202.9508579139947 278
1750565984939 202.6180870619719 279
1750566634927 205.63250438997056 280
1750566897081 200.59050674195169 281
1750567156743 204.9988233919721 282
1750567416131 200.05512932001147 283
1750567666229 193.6619003309752 284
1750567916494 194.3698279110249 285
1750568163374 193.40805249603 286
1750568419893 190.8522765460075 287
1750568668858 194.94253605499398 288
1750568917138 195.17660694301594 289
1750569517460 188.76195426500635 290
1750569774871 191.2707858060021 291
1750570017665 190.035080267 292
1750570255484 183.6499335579574 293
1750570499592 185.31916512199678 294
1750570743114 190.60040015698178 295
1750570978414 186.71421216300223 296
1750571217660 183.34106443298515 297
1750571446322 182.37105867499486 298
1750571678782 184.96502672199858 299
1750572286226 185.105827736028 300
1750572519633 184.8859378400375 301
1750572752237 184.71828594600083 302
1750572991831 186.89546736696502 303
1750573234036 192.6418415409862 304
1750573474743 190.54973653896013 305
1750573721816 193.22948136401828 306
1750573973234 193.50582369801123 307
1750574214107 191.90127143199788 308
1750574457892 192.8667145820218 309
1750575028311 197.00298828200903 310
1750575289526 194.39560265705222 311
1750575532092 191.6185101189767 312
1750575773233 189.16798981302418 313
1750576005294 185.81964810396312 314
1750576241584 187.38163472601445 315
1750576483151 189.6428040629835 316
1750576723255 187.25300453498494 317
1750576965245 190.26654754200717 318
1750577200702 187.18888110195985 319
1750577743413 184.4795822010492 320
1750577986432 192.36093627201626 321
1750578221438 186.39307779597584 322
1750578460447 188.25192962400615 323
1750578717224 193.1510817250237 324
1750578951944 186.81550951104145 325
1750579187775 186.6056781959487 326
1750579433673 190.31265218998305 327
1750579672538 186.4436691859737 328
1750579906586 183.9454779580119 329
1750580437726 188.1056420049863 330
1750580672853 185.68875516799744 331
1750580907008 186.2031289890292 332
1750581143983 189.47958130500047 333
1750581389719 188.56402908300515 334
1750581655932 201.29885234794347 335
1750581897205 191.73539566999534 336
1750582151126 197.50439624901628 337
1750582400200 194.27146769303363 338
1750582654460 197.82930361904437 339
1750583287182 197.77877555100713 340
1750583545854 202.36176364298444 341
1750583820405 211.79745362699032 342
1750584086648 207.50735133397393 343
1750584354456 207.81111545098247 344
1750584624306 209.32922070502536 345
1750584881629 202.6372163759661 346
1750585136212 198.8953406200162 347
1750585383584 194.11597613000777 348
1750585633146 195.36786323302658 349
1750586274948 189.68368109699804 350
1750586529890 194.72842246800428 351
1750586789633 202.0057413339964 352
1750587046206 196.05033802904654 353
1750587294912 194.71584710595198 354
1750587560299 203.3204959339928 355
1750587831560 208.91239578201203 356
1750588108048 208.78042504796758 357
1750588384769 213.61733685800573 358
1750588652810 201.81365914503112 359
1750589306668 205.56930445402395 360
1750589578132 204.7109465470421 361
1750589866094 218.1131906940136 362
1750590140044 211.24335110699758 363
1750590410062 209.0541887540021 364
1750590675051 204.36207095900318 365
