1750481586734 6.394273923011497 1
1750481724146 5.628647808043752 2
1750481832814 5.5556129809701815 3
1750482016497 5.894197249028366 4
1750482201301 5.519828580028843 5
1750482380803 5.686947026988491 6
1750482564390 5.802739361999556 7
1750482745714 6.01900539995404 8
1750482894864 5.885122649022378 9
1750483320027 5.975279423000757 10
1750483507848 6.052630206977483 11
1750483697444 5.813237575988751 12
1750483881875 5.862975382013246 13
1750484072225 5.852468749973923 14
1750484237673 6.06346537504578 15
1750484426285 6.169537139998283 16
1750484617699 6.056752974982373 17
1750484810366 6.109736134996638 18
1750485006758 6.318274525052402 19
1750485461323 5.84353530901717 20
1750485658690 6.060221077990718 21
1750485856395 6.6510641779750586 22
1750486055923 6.233084058971144 23
1750486255075 6.215833658003248 24
1750486464304 7.022708723030519 25
1750486670834 6.707747741020285 26
1750486877955 7.06359718501335 27
1750487090325 7.579013828013558 28
1750487299022 6.770405347051565 29
1750487900539 7.428560468018986 30
1750488112613 7.237257516011596 31
1750488331135 7.632871611975133 32
1750488552314 7.9841812729719095 33
1750488763423 7.448053582047578 34
1750488983091 7.242955950030591 35
1750489201265 6.973245692963246 36
1750489424197 7.783617148001213 37
1750489639204 7.64471980300732 38
1750489851844 6.984031639993191 39
1750490401099 6.527057442988735 40
1750490616254 7.5181854700203985 41
1750491049354 7.609422241977882 42
1750491260613 7.343522317009047 43
1750491474715 6.819748861016706 44
1750491688598 6.9605040970491245 45
1750491903750 7.55334453197429 46
1750492121865 7.737023028952535 47
1750492345436 6.8431686970288865 48
1750492561225 7.52747474500211 49
1750493146016 7.7133822399773635 50
1750493361671 7.1601339359767735 51
1750493578289 7.387098634033464 52
1750493797259 7.818424649012741 53
1750494011398 7.79168133600615 54
1750494226708 7.4671114679658785 55
1750494443621 7.600450406956952 56
1750494660401 7.96023426897591 57
1750494883387 7.818469742953312 58
1750495097515 7.116554695006926 59
1750495625100 8.26599437801633 60
1750495844165 7.9734173030010425 61
1750496077414 7.258198436989915 62
1750496299699 7.718435752030928 63
1750496513078 7.013078338990454 64
1750496729600 7.13658872601809 65
1750496948033 7.693010384973604 66
1750497168813 7.7526827119872905 67
1750497387373 7.772308145009447 68
1750497607822 7.763988160993904 69
1750498117766 7.247375370003283 70
1750498337646 8.146007331029978 71
1750498561268 8.048214388953056 72
1750498786743 7.801880141021684 73
1750499003660 7.388691828993615 74
1750499222479 7.688634363003075 75
1750499451830 8.62943491700571 76
1750499677281 7.927763087966014 77
1750499896776 7.777897224004846 78
1750500123128 8.3807821579976 79
1750500701062 8.045726363023277 80
1750500928911 8.245004213997163 81
1750501153788 8.01903265103465 82
1750501385461 8.873396249022335 83
1750501616857 8.178089391964022 84
1750501838041 7.974235947011039 85
1750502063543 8.124229250999633 86
1750502292394 8.661309510993306 87
1750502520623 8.455405668006279 88
1750502748231 8.340087666991167 89
1750503369073 10.088184505992103 90
1750503605433 8.935843585000839 91
1750503844836 8.746251305972692 92
1750504077800 9.146771868981887 93
1750504320174 10.152713372022845 94
1750504556423 8.591477031994145 95
1750504786139 8.60051001602551 96
1750505024333 8.291857054980937 97
1750505260664 8.323369136021938 98
1750505494707 9.89217424497474 99
1750506066426 9.05290569004137 100
1750506297986 8.772838290955406 101
1750506542699 9.569819619006012 102
1750506781651 8.959832597989589 103
1750507043667 9.076038369035814 104
1750507287503 9.18289272801485 105
1750507525749 9.211289314960595 106
1750507772569 8.934074306976981 107
1750508018680 9.588195075979456 108
1750508265530 9.895371610997245 109
1750508828561 9.6969192380202 110
1750509077573 10.098241167957895 111
1750509321631 9.308666579017881 112
1750509573962 10.019543918024283 113
1750509825399 10.019663402985316 114
1750510084926 10.871794209000655 115
1750510359439 11.147768402006477 116
1750510634817 11.692491642956156 117
1750510912646 11.904042840003967 118
1750511213840 13.472371689975262 119
1750512203481 14.882377012982033 120
1750512516319 14.16316897503566 121
1750512830077 14.358052621013485 122
1750513143484 13.958697327994741 123
1750513442925 13.25503546796972 124
1750513741978 13.864621195010841 125
1750514046624 13.515018241014332 126
1750514364120 14.172031332040206 127
1750514695407 14.983102434023749 128
1750515080354 17.59465248102788 129
1750516315499 16.94155452400446 130
1750516694296 17.297449361009058 131
1750517095134 18.575648211990483 132
1750517461997 16.84288720902987 133
1750517848025 16.920935732952785 134
1750518213838 16.312766814953648 135
1750518565175 15.635369584953878 136
1750518917750 16.299562808999326 137
1750519279625 15.677870533952955 138
1750519598684 14.505728992982768 139
1750520648721 15.298045912990347 140
1750520982281 15.384232170006726 141
1750521336895 15.959162412967999 142
1750521679480 15.613605153979734 143
1750522038555 15.812535088974983 144
1750522374845 15.386007639986929 145
1750522705318 15.00505008699838 146
1750523030847 14.934513529995456 147
1750523374472 16.34362624201458 148
1750523694320 14.66168194898637 149
1750524719759 15.352659216034226 150
1750525032970 15.000710173975676 151
1750525354946 15.303933373012114 152
1750525677414 15.39261036796961 153
1750525997372 14.557573200028855 154
1750526323544 15.788923389045522 155
1750526653863 15.102512991987169 156
1750526979770 14.946894393011462 157
1750527311525 14.718946433975361 158
1750527630532 14.058518177014776 159
1750528511966 13.50274760602042 160
1750528827885 14.146459128998686 161
1750529146063 14.187065901001915 162
1750529457979 13.936623851011973 163
1750529771115 14.707334518956486 164
1750530078631 13.187081387965009 165
1750530382115 13.509497567021754 166
1750530691782 15.246581571002025 167
1750530989560 13.747078774962574 168
1750531278705 13.062493464036379 169
1750532008171 12.184067377995234 170
1750532288290 12.26631845603697 171
1750532565634 12.063981996965595 172
1750532861050 13.796030692989007 173
1750533154806 12.65636068501044 174
1750533441192 12.29270978301065 175
1750533726194 12.68385606299853 176
1750533997909 11.005431258992758 177
1750534268259 11.303952465998009 178
1750534552013 12.211281930969562 179
1750535251430 11.635522105032578 180
1750535531196 12.174271737982053 181
1750535811969 12.73379012895748 182
1750536091438 11.335225593007635 183
1750536367799 11.92638227401767 184
1750536672831 11.867933140019886 185
1750536955205 12.55346412101062 186
1750537247089 11.97943413304165 187
1750537548642 12.653408151993062 188
1750537862422 15.003233049006667 189
1750538654810 13.771402014943305 190
1750538954617 13.790893308003433 191
1750539258386 13.203493479057215 192
1750539547146 12.400400006968994 193
1750539842737 12.685210983967409 194
1750540128683 12.987862150010187 195
1750540405826 11.655221027031075 196
1750540692466 12.169906888972037 197
1750540973180 12.353742703038733 198
1750541270685 12.41706055199029 199
1750541989864 12.30793851800263 200
1750542267873 11.6551054570009 201
1750542548953 12.305019224004354 202
1750542832769 11.312409058969934 203
1750543104263 12.11542292899685 204
1750543385257 11.874787845008541 205
1750543651429 11.01088802999584 206
1750543937350 12.152984476007987 207
1750544206476 11.293720420973841 208
1750544483514 11.825259485980496 209
1750545129814 13.02963808097411 210
1750545408626 12.876190784969367 211
1750545682279 11.894860921020154 212
1750545954874 11.606206190946978 213
1750546230031 11.724493654968683 214
1750546508009 11.998693539993837 215
1750546777855 10.801538295985665 216
1750547058762 12.01091794500826 217
1750547317700 11.340091657999437 218
1750547595676 11.598033326969016 219
1750548245774 10.11447390099056 220
1750548514137 10.59530334599549 221
1750548767764 10.471290441986639 222
1750549030480 10.136691824009176 223
1750549284716 10.150873011967633 224
1750549536555 10.06630149699049 225
1750549789196 9.890372060006484 226
1750550054297 10.530292673967779 227
1750550305629 10.11825315200258 228
1750550574349 11.360171151987743 229
1750551257471 11.474460490979254 230
1750551524919 11.375385835999623 231
1750551790166 10.678161023999564 232
1750552059496 11.05373015202349 233
1750552333649 11.230041798960883 234
1750552590382 10.605659586028196 235
1750552847177 10.871460567053873 236
1750553114323 11.01130115200067 237
1750553372220 11.213434616976883 238
1750553641163 11.806208795984276 239
1750554272843 12.047842587984633 240
1750554532658 10.162465821020305 241
1750554807212 12.081311714020558 242
1750555070866 10.78882751299534 243
1750555348177 12.140794171020389 244
1750555619029 11.540927316993475 245
1750555912096 12.934481498028617 246
1750556201548 12.099578689958435 247
1750556465995 12.15173117001541 248
1750556780891 13.819485960004386 249
1750557434440 11.691023869963828 250
1750557703331 11.81591467699036 251
1750557977141 12.676151758001652 252
1750558270312 12.800163534004241 253
1750558538189 11.666386374039575 254
1750558818213 12.303923578001559 255
1750559082238 11.500317591009662 256
1750559346839 11.461522298981436 257
1750559607780 10.61741794605041 258
1750559884350 11.29979648796143 259
1750560510267 10.037369006953668 260
1750560772825 10.56908685300732 261
1750561042523 10.93208257399965 262
1750561299174 10.291747621959075 263
1750561558060 10.809754315996543 264
1750561813783 10.721605847007595 265
1750562080828 11.938142568978947 266
1750562357766 12.768661514972337 267
1750562618644 12.022339868999552 268
1750562877322 10.194998133985791 269
1750563572426 13.170237775018904 270
1750563846289 12.746727777004708 271
1750564111453 11.58741714298958 272
1750564385175 11.626682922011241 273
1750564653742 11.140865144028794 274
1750564938901 11.665344134962652 275
1750565205499 12.17930293205427 276
1750565465980 10.634874009003397 277
1750565726126 10.835557599028107 278
1750565984939 10.460586748959031 279
1750566634927 10.786214330000803 280
1750566897081 10.972849534999114 281
1750567156743 11.175202774000354 282
1750567416131 10.910119773005135 283
1750567666229 10.631659408041742 284
1750567916494 10.117465633025859 285
1750568163374 10.52924520598026 286
1750568419893 9.827857106982265 287
1750568668858 10.582688902970403 288
1750568917138 10.38472976401681 289
1750569517460 9.249064084026031 290
1750569774871 10.539195019984618 291
1750570017665 9.80696443002671 292
1750570255484 9.062648601015098 293
1750570499592 9.293630396015942 294
1750570743114 9.401857444026973 295
1750570978414 9.360304589034058 296
1750571217660 8.967351962986868 297
1750571446322 8.876128346950281 298
1750571678782 9.115246678993572 299
1750572286226 9.127720064017922 300
1750572519633 9.182607916998677 301
1750572752237 8.820280354993884 302
1750572991831 9.074203539988957 303
1750573234036 9.508363364031538 304
1750573474743 10.05789623502642 305
1750573721816 10.423340849985834 306
1750573973234 10.604583397973329 307
1750574214107 10.020326958969235 308
1750574457892 9.791960490052588 309
1750575028311 10.140428010956384 310
1750575289526 9.434245406009723 311
1750575532092 10.002703348989598 312
1750575773233 9.988051335036289 313
1750576005294 8.907767882046755 314
1750576241584 8.925334942992777 315
1750576483151 9.355378929001745 316
1750576723255 9.870840842020698 317
1750576965245 9.249470429960638 318
1750577200702 9.354251827986445 319
1750577743413 8.816794165002648 320
1750577986432 9.843176419963129 321
1750578221438 8.872475275944453 322
1750578460447 9.99872165598208 323
1750578717224 10.143676909967326 324
1750578951944 8.727593557967339 325
1750579187775 9.497977835999336 326
1750579433673 9.354527682007756 327
1750579672538 10.514024119009264 328
1750579906586 9.102157688990701 329
1750580437726 8.562642447999679 330
1750580672853 8.99059917096747 331
1750580907008 8.912835389957763 332
1750581143983 9.274266808002722 333
1750581389719 9.769158589013387 334
1750581655932 10.390528719988652 335
1750581897205 9.956780116946902 336
1750582151126 10.615220859996043 337
1750582400200 9.79536004900001 338
1750582654460 10.69295500201406 339
1750583287182 10.145920627983287 340
1750583545854 10.642728618986439 341
1750583820405 11.643280312011484 342
1750584086648 11.348348022031132 343
1750584354456 12.179377896012738 344
1750584624306 11.824038622959051 345
1750584881629 11.260214268986601 346
1750585136212 9.781935028964654 347
1750585383584 9.95773896801984 348
1750585633146 9.903322624973953 349
1750586274948 9.839765769022051 350
1750586529890 9.734844446997158 351
1750586789633 11.279722673003562 352
1750587046206 10.870285841985606 353
1750587294912 10.21702672104584 354
1750587560299 11.357986446993891 355
1750587831560 11.059971990995109 356
1750588108048 11.528927362989634 357
1750588384769 11.609177787031513 358
1750588652810 10.986341632029507 359
1750589306668 11.698660082009155 360
1750589578132 11.66219452698715 361
1750589866094 12.742702831979841 362
1750590140044 13.106372381036635 363
1750590410062 12.165088294947054 364
1750590675051 11.476228790997993 365
