1750481586734 123.31061590602621 1
1750481724146 135.58067811798537 2
1750481832814 107.01482908497564 3
1750482016497 182.15229190298123 4
1750482201301 183.22432630404364 5
1750482380803 177.9194754860364 6
1750482564390 182.0355522869504 7
1750482745714 179.71959203196457 8
1750482894864 147.41536976705538 9
1750483320027 423.4393125369679 10
1750483507848 185.91231434000656 11
1750483697444 187.94868626102107 12
1750483881875 182.72708316199714 13
1750484072225 188.672320126032 14
1750484237673 163.89959046797594 15
1750484426285 186.90263243799563 16
1750484617699 189.7544968559523 17
1750484810366 190.9384787559975 18
1750485006758 194.78821843699552 19
1750485461323 452.93069883598946 20
1750485658690 195.58658519596793 21
1750485856395 195.86044175497955 22
1750486055923 197.80103064101422 23
1750486255075 197.305520954018 24
1750486464304 207.48811936296988 25
1750486670834 204.44742226897506 26
1750486877955 205.37779684201814 27
1750487090325 210.5446927479934 28
1750487299022 206.76146196201444 29
1750487900539 599.6058420070331 30
1750488112613 210.1541384360171 31
1750488331135 216.726611836988 32
1750488552314 219.29125679197023 33
1750488763423 209.31710739899427 34
1750488983091 217.8574656280107 35
1750489201265 216.29669646796538 36
1750489424197 221.17339491599705 37
1750489639204 213.14819351001643 38
1750489851844 210.82601089798845 39
1750490401099 547.2642268320196 40
1750490616254 213.17068913503317 41
1750491049354 431.0339175449917 42
1750491260613 209.3326584129827 43
1750491474715 212.17756769096013 44
1750491688598 211.99743153399322 45
1750491903750 213.20409871201264 46
1750492121865 216.01799523597583 47
1750492345436 221.77046798099764 48
1750492561225 213.88751710404176 49
1750493146016 582.8607730090152 50
1750493361671 213.56610701500904 51
1750493578289 214.53036630997667 52
1750493797259 217.0257977040019 53
1750494011398 212.10487847798504 54
1750494226708 213.41035779198864 55
1750494443621 215.04440337402048 56
1750494660401 214.77481422998244 57
1750494883387 221.04939610604197 58
1750495097515 212.27685571694747 59
1750495625100 525.6644148239866 60
1750495844165 217.2048106000293 61
1750496077414 231.36099715495948 62
1750496299699 220.29091234400403 63
1750496513078 211.57798255601665 64
1750496729600 214.57687039201846 65
1750496948033 216.44597124605207 66
1750497168813 218.87800297996728 67
1750497387373 216.6493047500262 68
1750497607822 218.46130174101563 69
1750498117766 507.9399097519927 70
1750498337646 217.93374992301688 71
1750498561268 221.39485219598282 72
1750498786743 223.36876727698836 73
1750499003660 214.85572390299058 74
1750499222479 216.7369775949628 75
1750499451830 227.3751928010024 76
1750499677281 223.49014966201503 77
1750499896776 217.4373011290445 78
1750500123128 224.36970509198727 79
1750500701062 575.940600336995 80
1750500928911 225.75146463996498 81
1750501153788 221.91084182297345 82
1750501385461 229.55044545099372 83
1750501616857 229.37540211895248 84
1750501838041 219.21375386801083 85
1750502063543 223.46416149300057 86
1750502292394 226.87208305799868 87
1750502520623 226.15562101796968 88
1750502748231 225.7567504120525 89
1750503369073 618.8153819679865 90
1750503605433 234.34720300801564 91
1750503844836 236.9880548150395 92
1750504077800 231.01299151900457 93
1750504320174 240.43116082798224 94
1750504556423 234.2662922470481 95
1750504786139 227.76995595998596 96
1750505024333 236.08365783997579 97
1750505260664 234.37843931099633 98
1750505494707 231.9078867729986 99
1750506066426 569.7037611959968 100
1750506297986 229.53185807797126 101
1750506542699 242.5982884169789 102
1750506781651 236.87244704703335 103
1750507043667 260.0923024369986 104
1750507287503 241.86818047898123 105
1750507525749 236.19373829098186 106
1750507772569 244.8464708700194 107
1750508018680 244.1671146459994 108
1750508265530 244.75274282100145 109
1750508828561 561.092953252024 110
1750509077573 246.8364037090214 111
1750509321631 241.98566024500178 112
1750509573962 250.24620673898607 113
1750509825399 249.4284138479852 114
1750510084926 257.5782438039896 115
1750510359439 272.56544500100426 116
1750510634817 273.4278317170101 117
1750510912646 275.9214081870159 118
1750511213840 299.0741072850069 119
1750512203481 987.66396183701 120
1750512516319 310.71846381697105 121
1750512830077 311.73292382300133 122
1750513143484 311.5180531620281 123
1750513442925 297.41680435900344 124
1750513741978 296.9785830809851 125
1750514046624 302.64096859894926 126
1750514364120 315.5033622159972 127
1750514695407 329.1599791889894 128
1750515080354 382.7330439580255 129
1750516315499 1232.9468402609928 130
1750516694296 376.81712922803126 131
1750517095134 398.84693310095463 132
1750517461997 364.75672774901614 133
1750517848025 383.9920760440291 134
1750518213838 363.5503339180141 135
1750518565175 349.31903700798284 136
1750518917750 350.440138356993 137
1750519279625 359.71469831099967 138
1750519598684 317.0607244509738 139
1750520648721 1047.9897657129914 140
1750520982281 331.4851901269867 141
1750521336895 352.53243359702174 142
1750521679480 340.3960134170484 143
1750522038555 357.028382849996 144
1750522374845 334.2351385470247 145
1750522705318 328.50471497600665 146
1750523030847 323.495121570013 147
1750523374472 341.5875956090167 148
1750523694320 317.72107206698274 149
1750524719759 1023.3571957940003 150
1750525032970 311.0463895400171 151
1750525354946 320.00259307102533 152
1750525677414 320.5426418330171 153
1750525997372 317.8153567209956 154
1750526323544 323.9743570809951 155
1750526653863 328.19120550202206 156
1750526979770 323.8875444639707 157
1750527311525 329.70998853299534 158
1750527630532 316.8389122750377 159
1750528511966 879.4244655360235 160
1750528827885 313.7893815819989 161
1750529146063 315.9052304770448 162
1750529457979 309.87502911599586 163
1750529771115 311.07603299897164 164
1750530078631 305.2068979149917 165
1750530382115 301.3429981909576 166
1750530691782 307.540768531966 167
1750530989560 295.6950614079833 168
1750531278705 286.62347309599863 169
1750532008171 727.3839575200109 170
1750532288290 277.9334816049668 171
1750532565634 275.21819756901823 172
1750532861050 293.37561641098 173
1750533154806 291.56036696297815 174
1750533441192 284.3347800599877 175
1750533726194 282.8929830559646 176
1750533997909 269.68642565998016 177
1750534268259 268.2320416219882 178
1750534552013 281.54793244600296 179
1750535251430 697.3148497659713 180
1750535531196 277.69879955099896 181
1750535811969 278.5973161199945 182
1750536091438 277.35491091996664 183
1750536367799 274.2988039490301 184
1750536672831 302.91375664196676 185
1750536955205 280.2804573660251 186
1750537247089 289.70961707102833 187
1750537548642 299.4266101210378 188
1750537862422 311.7076091039926 189
1750538654810 790.1995004790369 190
1750538954617 297.4657387349871 191
1750539258386 301.65108564903494 192
1750539547146 286.64062467199983 193
1750539842737 293.4509870670154 194
1750540128683 283.9195754179964 195
1750540405826 275.0955109280185 196
1750540692466 284.44030166999437 197
1750540973180 278.68841858796077 198
1750541270685 294.8550001999829 199
1750541989864 717.0475500579923 200
1750542267873 275.6165415419964 201
1750542548953 278.83420662698336 202
1750542832769 281.7809293800383 203
1750543104263 269.5079410310136 204
1750543385257 278.7964681169833 205
1750543651429 263.91077107499586 206
1750543937350 283.60228659695713 207
1750544206476 266.8324100690079 208
1750544483514 274.79713131597964 209
1750545129814 643.9641071700025 210
1750545408626 276.5699896760052 211
1750545682279 271.3411854460137 212
1750545954874 270.33723029401153 213
1750546230031 272.9905841189902 214
1750546508009 276.0208919150173 215
1750546777855 267.66494453302585 216
1750547058762 278.85329028300475 217
1750547317700 256.8851014460088 218
1750547595676 275.28789798304206 219
1750548245774 647.8735444219783 220
1750548514137 265.75622103200294 221
1750548767764 251.63516625098418 222
1750549030480 260.62161996302893 223
1750549284716 252.04009571898496 224
1750549536555 249.71697225101525 225
1750549789196 250.60938097798498 226
1750550054297 262.9624599190429 227
1750550305629 249.23121105699101 228
1750550574349 266.49862210900756 229
1750551257471 680.8608987590414 230
1750551524919 264.96681381500093 231
1750551790166 263.0889260849799 232
1750552059496 267.0720858129789 233
1750552333649 271.86993081500987 234
1750552590382 254.6747553150053 235
1750552847177 254.72558122401824 236
1750553114323 264.7705576349981 237
1750553372220 255.787882427976 238
1750553641163 266.83679217100143 239
1750554272843 629.4012834859896 240
1750554532658 257.6416268949979 241
1750554807212 272.1882983419928 242
1750555070866 261.4720331900171 243
1750555348177 275.18298410100397 244
1750555619029 268.5658587170183 245
1750555912096 290.9537170739495 246
1750556201548 287.30606475798413 247
1750556465995 262.3237916670041 248
1750556780891 312.6832914999686 249
1750557434440 651.3202834959957 250
1750557703331 266.78405876102624 251
1750557977141 271.5801177099929 252
1750558270312 290.8410257869982 253
1750558538189 265.5736684689764 254
1750558818213 277.82974381698295 255
1750559082238 261.9022994849947 256
1750559346839 262.4346305830404 257
1750559607780 258.77481682098005 258
1750559884350 274.4372303080163 259
1750560510267 623.7865520519554 260
1750560772825 260.2637153840042 261
1750561042523 267.541694679996 262
1750561299174 254.51541952602565 263
1750561558060 256.8584948630305 264
1750561813783 253.52697168901796 265
1750562080828 264.6434861510061 266
1750562357766 274.7775906859897 267
1750562618644 258.5278728309786 268
1750562877322 256.53361144900555 269
1750563572426 692.9189328470384 270
1750563846289 271.2784930280177 271
1750564111453 262.8508960159961 272
1750564385175 271.46283223701175 273
1750564653742 266.44314354500966 274
1750564938901 282.6624912910047 275
1750565205499 264.5445934430463 276
1750565465980 258.1516350809834 277
1750565726126 257.81036311300704 278
1750565984939 256.524019495002 279
1750566634927 647.6569272820489 280
1750566897081 259.91963516996475 281
1750567156743 257.39835637499345 282
1750567416131 257.2106300420128 283
1750567666229 247.89864979701815 284
1750567916494 248.17819369700737 285
1750568163374 244.6611725719995 286
1750568419893 254.32069270097418 287
1750568668858 246.7237311360077 288
1750568917138 246.0896174639929 289
1750569517460 598.1542902620276 290
1750569774871 255.0483530270285 291
1750570017665 240.5389326880104 292
1750570255484 235.65707051299978 293
1750570499592 241.9105576070142 294
1750570743114 241.09623872599332 295
1750570978414 233.0750007799943 296
1750571217660 237.22299392300192 297
1750571446322 226.53925232298207 298
1750571678782 230.22710525098955 299
1750572286226 605.1943251710036 300
1750572519633 231.15751454699785 301
1750572752237 230.45365608198335 302
1750572991831 237.21909685002174 303
1750573234036 239.97756532300264 304
1750573474743 238.43106300395448 305
1750573721816 244.78742766199866 306
1750573973234 249.21676046500215 307
1750574214107 238.75918721599737 308
1750574457892 241.6120127820177 309
1750575028311 568.126415746985 310
1750575289526 258.90858384099556 311
1750575532092 240.32189357897732 312
1750575773233 238.81442614499247 313
1750576005294 229.9228777459939 314
1750576241584 234.10552621103125 315
1750576483151 239.36048102198401 316
1750576723255 237.69951533002313 317
1750576965245 239.7013087689993 318
1750577200702 233.17100549204042 319
1750577743413 540.4849301530048 320
1750577986432 240.49126154801343 321
1750578221438 232.81192641699454 322
1750578460447 236.8756175619783 323
1750578717224 254.422462565999 324
1750578951944 232.43450542504434 325
1750579187775 233.53393789299298 326
1750579433673 243.7774491259479 327
1750579672538 236.54256298701512 328
1750579906586 231.64514606498415 329
1750580437726 528.8427858959767 330
1750580672853 232.9539149289485 331
1750580907008 231.73483608302195 332
1750581143983 234.84486504097003 333
1750581389719 243.39819698396605 334
1750581655932 263.83387027401477 335
1750581897205 239.0527713180054 336
1750582151126 251.77261393901426 337
1750582400200 246.60729892901145 338
1750582654460 252.08861475100275 339
1750583287182 630.3701593540027 340
1750583545854 256.29959454003256 341
1750583820405 272.4088098029606 342
1750584086648 264.04773221403593 343
1750584354456 265.6475665940088 344
1750584624306 267.5511586389621 345
1750584881629 255.28413503797492 346
1750585136212 252.32247723499313 347
1750585383584 244.8642589080264 348
1750585633146 247.33316450199345 349
1750586274948 639.6878397900146 350
1750586529890 252.66517713398207 351
1750586789633 257.4317949230317 352
1750587046206 254.2684873319813 353
1750587294912 246.55855670303572 354
1750587560299 263.0520049549523 355
1750587831560 269.0085280119674 356
1750588108048 274.03735237097135 357
1750588384769 274.4575056770118 358
1750588652810 265.7332185259438 359
1750589306668 651.6469098089729 360
1750589578132 268.99509792303434 361
1750589866094 285.06265110202366 362
1750590140044 271.66559525200864 363
1750590410062 267.8381318989559 364
1750590675051 262.6377861460205 365
