1750481586734 19.998936326999683 1
1750481724146 18.925703360000625 2
1750481832814 21.078647548973095 3
1750482016497 19.259742133959662 4
1750482201301 19.216042213025503 5
1750482380803 19.101415422046557 6
1750482564390 18.86702750797849 7
1750482745714 18.694382573012263 8
1750482894864 19.082015739986673 9
1750483320027 19.16672911500791 10
1750483507848 20.147630243969616 11
1750483697444 20.8752306199749 12
1750483881875 20.24781999597326 13
1750484072225 20.029186360014137 14
1750484237673 18.717750361014623 15
1750484426285 21.39406672900077 16
1750484617699 19.60964422096731 17
1750484810366 20.151972624007612 18
1750485006758 21.304016096983105 19
1750485461323 20.926172444946133 20
1750485658690 20.774722338013817 21
1750485856395 20.71318295696983 22
1750486055923 21.079189606010914 23
1750486255075 20.751735438010655 24
1750486464304 22.29945118300384 25
1750486670834 22.29735815199092 26
1750486877955 22.951724153012037 27
1750487090325 24.667995180992875 28
1750487299022 22.59360620897496 29
1750487900539 25.12675268005114 30
1750488112613 24.641007415018976 31
1750488331135 25.098277884011623 32
1750488552314 24.8259971489897 33
1750488763423 24.24263133201748 34
1750488983091 24.439473450009245 35
1750489201265 25.651936120004393 36
1750489424197 24.78716380998958 37
1750489639204 24.608685841958504 38
1750489851844 26.04471642198041 39
1750490401099 23.801149308972526 40
1750490616254 23.695909662987106 41
1750491049354 25.553897198988125 42
1750491260613 23.93883563100826 43
1750491474715 25.222755203023553 44
1750491688598 24.900802079006098 45
1750491903750 24.163078316953033 46
1750492121865 24.54487534397049 47
1750492345436 24.286065347027034 48
1750492561225 23.450702892965637 49
1750493146016 26.884789229021408 50
1750493361671 24.67959728295682 51
1750493578289 22.964686018996872 52
1750493797259 26.33875422400888 53
1750494011398 24.490818728052545 54
1750494226708 23.822529320023023 55
1750494443621 24.690714747004677 56
1750494660401 25.97489674499957 57
1750494883387 24.820697117014788 58
1750495097515 24.312950224033557 59
1750495625100 25.02355240099132 60
1750495844165 25.790335532044992 61
1750496077414 26.12335292098578 62
1750496299699 25.571427601971664 63
1750496513078 22.74778019596124 64
1750496729600 25.57023749698419 65
1750496948033 26.48698131297715 66
1750497168813 25.397679276007693 67
1750497387373 26.44962160103023 68
1750497607822 24.604675962007605 69
1750498117766 24.89130410796497 70
1750498337646 26.20758777699666 71
1750498561268 28.161186233977787 72
1750498786743 26.19725657295203 73
1750499003660 25.261289090034552 74
1750499222479 25.909612761985045 75
1750499451830 28.725831213989295 76
1750499677281 26.871936058043502 77
1750499896776 25.323295940004755 78
1750500123128 27.889455725962762 79
1750500701062 27.15715551096946 80
1750500928911 27.23607984301634 81
1750501153788 27.085345397004858 82
1750501385461 31.37119066499872 83
1750501616857 29.759068617015146 84
1750501838041 27.77553479396738 85
1750502063543 27.71457074600039 86
1750502292394 27.731746267003473 87
1750502520623 29.570820513006765 88
1750502748231 27.89808895403985 89
1750503369073 31.327202992979437 90
1750503605433 30.34192851599073 91
1750503844836 29.311549085949082 92
1750504077800 29.41907175403321 93
1750504320174 31.08141175901983 94
1750504556423 30.704097007983364 95
1750504786139 27.774973001971375 96
1750505024333 27.85820063902065 97
1750505260664 28.566795867984183 98
1750505494707 28.625340376980603 99
1750506066426 29.93200591194909 100
1750506297986 29.700091253966093 101
1750506542699 34.60820265498478 102
1750506781651 29.333592167007737 103
1750507043667 29.840260421973653 104
1750507287503 30.625856073980685 105
1750507525749 30.1993052510079 106
1750507772569 31.21215893601766 107
1750508018680 34.18246977502713 108
1750508265530 31.824703869991936 109
1750508828561 30.994991460000165 110
1750509077573 34.57357748603681 111
1750509321631 31.36344020999968 112
1750509573962 34.20188169798348 113
1750509825399 35.706378321978264 114
1750510084926 36.66900750203058 115
1750510359439 38.01927398197586 116
1750510634817 41.946729221032 117
1750510912646 41.452783025975805 118
1750511213840 48.92025505803758 119
1750512203481 49.893248891981784 120
1750512516319 51.23397072998341 121
1750512830077 48.74322144599864 122
1750513143484 48.73663951299386 123
1750513442925 45.14898274798179 124
1750513741978 44.76474779599812 125
1750514046624 48.90717069996754 126
1750514364120 49.609839337994345 127
1750514695407 53.75836432399228 128
1750515080354 59.94791627896484 129
1750516315499 59.912860743002966 130
1750516694296 60.476363942958415 131
1750517095134 61.260439135017805 132
1750517461997 59.378454219026025 133
1750517848025 59.0915031839977 134
1750518213838 59.671035828010645 135
1750518565175 57.262115651974455 136
1750518917750 57.218150842003524 137
1750519279625 53.84172133804532 138
1750519598684 52.000552660028916 139
1750520648721 52.358776271983515 140
1750520982281 51.86119048000546 141
1750521336895 57.52284339995822 142
1750521679480 56.29997903900221 143
1750522038555 55.16383508598665 144
1750522374845 56.38790157501353 145
1750522705318 53.61841600894695 146
1750523030847 53.57166616700124 147
1750523374472 53.238382356008515 148
1750523694320 50.41235292801866 149
1750524719759 52.57111637800699 150
1750525032970 49.56087934895186 151
1750525354946 53.12926882400643 152
1750525677414 52.53801435302012 153
1750525997372 51.32693024899345 154
1750526323544 51.818794065038674 155
1750526653863 55.421251864987426 156
1750526979770 54.38590724603273 157
1750527311525 53.83114600495901 158
1750527630532 51.29340118798427 159
1750528511966 48.79514718800783 160
1750528827885 50.02936305699404 161
1750529146063 50.34329465701012 162
1750529457979 49.33936884399736 163
1750529771115 48.988827820983715 164
1750530078631 46.46590631798608 165
1750530382115 48.578213086002506 166
1750530691782 48.71514013700653 167
1750530989560 46.4049391260487 168
1750531278705 44.8960312900017 169
1750532008171 44.153976065979805 170
1750532288290 42.466159967007115 171
1750532565634 40.066986826015636 172
1750532861050 43.095881065994035 173
1750533154806 44.2285534379771 174
1750533441192 40.683845605992246 175
1750533726194 39.40299695299473 176
1750533997909 36.77055095596006 177
1750534268259 38.72325650596758 178
1750534552013 43.013214777980465 179
1750535251430 38.99507950601401 180
1750535531196 40.02283359802095 181
1750535811969 41.15931563498452 182
1750536091438 38.99556871299865 183
1750536367799 41.017060604004655 184
1750536672831 40.728717588004656 185
1750536955205 40.25055924500339 186
1750537247089 42.696147301991004 187
1750537548642 42.132305083971005 188
1750537862422 45.08276823099004 189
1750538654810 47.340763158979826 190
1750538954617 43.62166998302564 191
1750539258386 45.68781847099308 192
1750539547146 42.805516077030916 193
1750539842737 42.02596330997767 194
1750540128683 43.519346281012986 195
1750540405826 39.0472882699687 196
1750540692466 40.50703248899663 197
1750540973180 40.43264883599477 198
1750541270685 41.22597745503299 199
1750541989864 41.65056083002128 200
1750542267873 41.774824343039654 201
1750542548953 42.29968631698284 202
1750542832769 40.649669231963344 203
1750543104263 38.53591406700434 204
1750543385257 39.51526608201675 205
1750543651429 37.37117090600077 206
1750543937350 40.47653582401108 207
1750544206476 38.56588846701197 208
1750544483514 38.875996728020255 209
1750545129814 40.41494490898913 210
1750545408626 40.607905377983116 211
1750545682279 39.32215942296898 212
1750545954874 37.63539865199709 213
1750546230031 39.32184614101425 214
1750546508009 38.08758058503736 215
1750546777855 39.05012984602945 216
1750547058762 40.04803390800953 217
1750547317700 37.7167359389714 218
1750547595676 39.443137593974825 219
1750548245774 34.71318717097165 220
1750548514137 36.81961261801189 221
1750548767764 35.61781201302074 222
1750549030480 35.880867390020285 223
1750549284716 37.29748222202761 224
1750549536555 35.138974700006656 225
1750549789196 35.15827721101232 226
1750550054297 35.41008421999868 227
1750550305629 35.91653578099795 228
1750550574349 38.691870043985546 229
1750551257471 38.78111938299844 230
1750551524919 36.36241726099979 231
1750551790166 35.79686960298568 232
1750552059496 39.633905828988645 233
1750552333649 40.98066157201538 234
1750552590382 35.2329994289903 235
1750552847177 36.16943778999848 236
1750553114323 37.65127293596743 237
1750553372220 37.249565417005215 238
1750553641163 37.734430050011724 239
1750554272843 36.54958703101147 240
1750554532658 38.2915945580462 241
1750554807212 38.61691675602924 242
1750555070866 36.91502370004309 243
1750555348177 39.29365212202538 244
1750555619029 39.40643727895804 245
1750555912096 43.55578448699089 246
1750556201548 41.66838098800508 247
1750556465995 39.00827163894428 248
1750556780891 41.760428178997245 249
1750557434440 39.93477037001867 250
1750557703331 37.10667208401719 251
1750557977141 41.27048756199656 252
1750558270312 39.04424470796948 253
1750558538189 39.36992215097416 254
1750558818213 39.43287522497121 255
1750559082238 39.99992333701812 256
1750559346839 37.45193732000189 257
1750559607780 36.69528918003198 258
1750559884350 37.99010564398486 259
1750560510267 34.916434705024585 260
1750560772825 35.756115011987276 261
1750561042523 36.35675096698105 262
1750561299174 35.400210252031684 263
1750561558060 34.30244751297869 264
1750561813783 37.651257970021106 265
1750562080828 38.479182707029395 266
1750562357766 37.423830203013495 267
1750562618644 37.335108152998146 268
1750562877322 37.509775039041415 269
1750563572426 42.46906099899206 270
1750563846289 38.63936442905106 271
1750564111453 38.411267991003115 272
1750564385175 38.70577252301155 273
1750564653742 36.54275796399452 274
1750564938901 39.50828086101683 275
1750565205499 38.161808751989156 276
1750565465980 36.35865000303602 277
1750565726126 34.05960703600431 278
1750565984939 35.07350968400715 279
1750566634927 37.908485763997305 280
1750566897081 36.02805589500349 281
1750567156743 34.42573020805139 282
1750567416131 35.07148161000805 283
1750567666229 34.07973818300525 284
1750567916494 32.31570306303911 285
1750568163374 32.17559011100093 286
1750568419893 33.48278325202409 287
1750568668858 34.42062608001288 288
1750568917138 33.789037255977746 289
1750569517460 32.80005846201675 290
1750569774871 32.82101280998904 291
1750570017665 30.83867220603861 292
1750570255484 29.434368972026277 293
1750570499592 31.83871745102806 294
1750570743114 31.58979806897696 295
1750570978414 30.843455199035816 296
1750571217660 30.476661763968877 297
1750571446322 28.433152745943516 298
1750571678782 29.821703299006913 299
1750572286226 32.22963274503127 300
1750572519633 30.343628158967476 301
1750572752237 30.611564769002143 302
1750572991831 31.99972445500316 303
1750573234036 31.001181782979984 304
1750573474743 31.570992550987285 305
1750573721816 34.073836055991706 306
1750573973234 34.77031191898277 307
1750574214107 29.5367333360482 308
1750574457892 31.744338018004782 309
1750575028311 32.00149843702093 310
1750575289526 31.315106833993923 311
1750575532092 32.12867648800602 312
1750575773233 33.07751468400238 313
1750576005294 29.37052242498612 314
1750576241584 29.90581799397478 315
1750576483151 30.909311085997615 316
1750576723255 30.451125904975925 317
1750576965245 32.603029477002565 318
1750577200702 30.351179110992234 319
1750577743413 30.12749729200732 320
1750577986432 31.946513770031743 321
1750578221438 29.143290521984454 322
1750578460447 32.23788328201044 323
1750578717224 31.170146403019316 324
1750578951944 29.051283964014146 325
1750579187775 30.64378838700941 326
1750579433673 33.27745022799354 327
1750579672538 34.04848281102022 328
1750579906586 30.15350621100515 329
1750580437726 28.111452714016195 330
1750580672853 28.42507898696931 331
1750580907008 30.04642120405333 332
1750581143983 29.141363934031688 333
1750581389719 33.260193616035394 334
1750581655932 32.93061243201373 335
1750581897205 30.628600142954383 336
1750582151126 35.24595520802541 337
1750582400200 33.62258661497617 338
1750582654460 33.808364627999254 339
1750583287182 33.875642460014205 340
1750583545854 35.43932671600487 341
1750583820405 40.937467793992255 342
1750584086648 38.268211413989775 343
1750584354456 38.70355727401329 344
1750584624306 38.414469159033615 345
1750584881629 33.198770128015894 346
1750585136212 33.798122974985745 347
1750585383584 34.11424276098842 348
1750585633146 35.87369802797912 349
1750586274948 32.599735098017845 350
1750586529890 33.22882654500427 351
1750586789633 37.32458523398964 352
1750587046206 34.91707421495812 353
1750587294912 34.81352935900213 354
1750587560299 36.94721790100448 355
1750587831560 37.53592080902308 356
1750588108048 41.11345425597392 357
1750588384769 39.52537613699678 358
1750588652810 37.53575358400121 359
1750589306668 39.366107671987265 360
1750589578132 39.60539180401247 361
1750589866094 44.961887850018684 362
1750590140044 39.84543635195587 363
1750590410062 39.81306807801593 364
1750590675051 37.7180517410161 365
