1750481586734 0.3729246304947276 1
1750481724146 0.38546223196306106 2
1750481832814 0.34758381737415217 3
1750482016497 0.38519182448830974 4
1750482201301 0.37579076778253384 5
1750482380803 0.3880819689416462 6
1750482564390 0.38141450443186287 7
1750482745714 0.3815175356491524 8
1750482894864 0.3966052929233783 9
1750483320027 0.39078340829031016 10
1750483507848 0.3902985841557798 11
1750483697444 0.36535882599863495 12
1750483881875 0.3742886436154286 13
1750484072225 0.39069955025557224 14
1750484237673 0.4009227599901913 15
1750484426285 0.3772503859436792 16
1750484617699 0.3949590517732284 17
1750484810366 0.3964810179214324 18
1750485006758 0.38457437711373055 19
1750485461323 0.37732107704093204 20
1750485658690 0.38825368327915644 21
1750485856395 0.39362080127931776 22
1750486055923 0.39859265793782395 23
1750486255075 0.40714998575763406 24
1750486464304 0.3972050270140288 25
1750486670834 0.39941073768163915 26
1750486877955 0.4131455704866268 27
1750487090325 0.3952253523811902 28
1750487299022 0.4159419753390387 29
1750487900539 0.3920866730487032 30
1750488112613 0.3887176994708563 31
1750488331135 0.3990718335279271 32
1750488552314 0.41326632724010876 33
1750488763423 0.4084103662301298 34
1750488983091 0.40597892457955415 35
1750489201265 0.38297824007328923 36
1750489424197 0.4052797058227443 37
1750489639204 0.3990637271497434 38
1750489851844 0.3682530058184048 39
1750490401099 0.38125157725820646 40
1750490616254 0.4123443719346551 41
1750491049354 0.38463344470494665 42
1750491260613 0.38604670726666296 43
1750491474715 0.38051563155766976 44
1750491688598 0.38625012751649396 45
1750491903750 0.400682317978789 46
1750492121865 0.408904103854629 47
1750492345436 0.39016240522845047 48
1750492561225 0.42058476273503476 49
1750493146016 0.3835141496266606 50
1750493361671 0.39429302035773844 51
1750493578289 0.4160068392178062 52
1750493797259 0.3895596785867069 53
1750494011398 0.39641263304771723 54
1750494226708 0.40329426857280054 55
1750494443621 0.39094911255305764 56
1750494660401 0.3939586854455003 57
1750494883387 0.41458937326814055 58
1750495097515 0.4082920883208079 59
1750495625100 0.4194551019848231 60
1750495844165 0.3936840174218401 61
1750496077414 0.36534907391169325 62
1750496299699 0.39983615404771744 63
1750496513078 0.4141737791914942 64
1750496729600 0.3939390732511818 65
1750496948033 0.3962432399813747 66
1750497168813 0.40904990881182474 67
1750497387373 0.38433424526190096 68
1750497607822 0.41687217059211906 69
1750498117766 0.42053940742375107 70
1750498337646 0.4058432765403121 71
1750498561268 0.3892419258998264 72
1750498786743 0.3903193990785993 73
1750499003660 0.39280023591813124 74
1750499222479 0.3966770295068613 75
1750499451830 0.3853850210687121 76
1750499677281 0.40525762718244324 77
1750499896776 0.41266590810174175 78
1750500123128 0.39096332669452 79
1750500701062 0.38548072272302614 80
1750500928911 0.40735714709891907 81
1750501153788 0.40788101311342967 82
1750501385461 0.3646849211187306 83
1750501616857 0.38220356429029323 84
1750501838041 0.4081798618987662 85
1750502063543 0.40846960707066876 86
1750502292394 0.407338263353114 87
1750502520623 0.3967720860059097 88
1750502748231 0.41730527688243957 89
1750503369073 0.413591688784731 90
1750503605433 0.411242267941795 91
1750503844836 0.41809904590600755 92
1750504077800 0.41449902466331207 93
1750504320174 0.42376633716489465 94
1750504556423 0.4022090202793404 95
1750504786139 0.4181292025110973 96
1750505024333 0.41983906373298535 97
1750505260664 0.41258626410273297 98
1750505494707 0.418833223207657 99
1750506066426 0.4187536402359299 100
1750506297986 0.41443501471025995 101
1750506542699 0.3733659664962385 102
1750506781651 0.4242855435586027 103
1750507043667 0.40408110881627823 104
1750507287503 0.4099477149245456 105
1750507525749 0.4111575518404325 106
1750507772569 0.4040737244312253 107
1750508018680 0.39783866416509456 108
1750508265530 0.42548721658657296 109
1750508828561 0.4045335048883025 110
1750509077573 0.42245457001648146 111
1750509321631 0.43061125057157884 112
1750509573962 0.4245707821520053 113
1750509825399 0.41037134111440254 114
1750510084926 0.4360512103480758 115
1750510359439 0.4224128307486417 116
1750510634817 0.418863463377694 117
1750510912646 0.43339577810435115 118
1750511213840 0.42154019525534764 119
1750512203481 0.43849575111313566 120
1750512516319 0.448213052175154 121
1750512830077 0.4467333776047816 122
1750513143484 0.436724053752755 123
1750513442925 0.44682903381314615 124
1750513741978 0.44046761983731003 125
1750514046624 0.4165109074110189 126
1750514364120 0.4390020979340393 127
1750514695407 0.45769610404410244 128
1750515080354 0.4631330467417308 129
1750516315499 0.46109477944850585 130
1750516694296 0.4628554396012406 131
1750517095134 0.4639818390196688 132
1750517461997 0.464862485017178 133
1750517848025 0.45956234253881745 134
1750518213838 0.4462427949194482 135
1750518565175 0.4379147795782951 136
1750518917750 0.44037109082285997 137
1750519279625 0.45009869935806623 138
1750519598684 0.44313608023126594 139
1750520648721 0.4542556857232799 140
1750520982281 0.45123014867913835 141
1750521336895 0.44824486765524274 142
1750521679480 0.43719324380338576 143
1750522038555 0.45029159957069453 144
1750522374845 0.43454928286440275 145
1750522705318 0.451476630120888 146
1750523030847 0.42722085653266983 147
1750523374472 0.4492527614749676 148
1750523694320 0.44974523817266504 149
1750524719759 0.4459588122414334 150
1750525032970 0.4589473072336442 151
1750525354946 0.4277665071041456 152
1750525677414 0.4440841726135098 153
1750525997372 0.4520002570689205 154
1750526323544 0.45713487584087575 155
1750526653863 0.4295523074366156 156
1750526979770 0.4226806307951965 157
1750527311525 0.4366955459918489 158
1750527630532 0.4411755289056013 159
1750528511966 0.43502974741971684 160
1750528827885 0.4450175739497693 161
1750529146063 0.4383474763393505 162
1750529457979 0.44110184273178066 163
1750529771115 0.43178457600130865 164
1750530078631 0.4434567407706582 165
1750530382115 0.4291703061224592 166
1750530691782 0.4399622248676969 167
1750530989560 0.431173769511925 168
1750531278705 0.432602170059327 169
1750532008171 0.42560548094306566 170
1750532288290 0.4265684052227655 171
1750532565634 0.44663198764966183 172
1750532861050 0.4468960772232339 173
1750533154806 0.4441649814803131 174
1750533441192 0.43301588376563105 175
1750533726194 0.448548223251762 176
1750533997909 0.4385481769355516 177
1750534268259 0.4405702038679938 178
1750534552013 0.42907053205216766 179
1750535251430 0.43337329594964913 180
1750535531196 0.43108953217666635 181
1750535811969 0.43144989363548714 182
1750536091438 0.42706776247264433 183
1750536367799 0.426944903689476 184
1750536672831 0.42939979736579303 185
1750536955205 0.4331910387259075 186
1750537247089 0.42221949545927956 187
1750537548642 0.4489248510335124 188
1750537862422 0.4492387637623433 189
1750538654810 0.4197094853523808 190
1750538954617 0.4457673303369943 191
1750539258386 0.4340816583978243 192
1750539547146 0.4287330428451082 193
1750539842737 0.4265093826535911 194
1750540128683 0.4210888231616781 195
1750540405826 0.4449425992480386 196
1750540692466 0.4329240438412678 197
1750540973180 0.42509202670550866 198
1750541270685 0.433432071367889 199
1750541989864 0.42689247021631743 200
1750542267873 0.4168759618077883 201
1750542548953 0.42544400094626267 202
1750542832769 0.41801994465744624 203
1750543104263 0.4187066844225467 204
1750543385257 0.42771451185834874 205
1750543651429 0.41340722732759533 206
1750543937350 0.43203704019283007 207
1750544206476 0.42188878452257356 208
1750544483514 0.4309937002152296 209
1750545129814 0.43953086253092566 210
1750545408626 0.4319621899348033 211
1750545682279 0.4293324327519684 212
1750545954874 0.4412844946000443 213
1750546230031 0.419641376869094 214
1750546508009 0.4225998328942885 215
1750546777855 0.42484105342709794 216
1750547058762 0.41981737036708633 217
1750547317700 0.42018932644089163 218
1750547595676 0.4378101605660375 219
1750548245774 0.4243366739591101 220
1750548514137 0.42505775125509554 221
1750548767764 0.42767496296476776 222
1750549030480 0.4237869607066746 223
1750549284716 0.40907002635871564 224
1750549536555 0.41424943116653623 225
1750549789196 0.418334163973668 226
1750550054297 0.4247406035490292 227
1750550305629 0.41809052822355924 228
1750550574349 0.4230464497483412 229
1750551257471 0.42683781253461944 230
1750551524919 0.44347348153420924 231
1750551790166 0.4356213431312307 232
1750552059496 0.43661452004121654 233
1750552333649 0.4184325458198202 234
1750552590382 0.421277615843763 235
1750552847177 0.4275406331728848 236
1750553114323 0.440942005905778 237
1750553372220 0.42569764244002667 238
1750553641163 0.42732663039714963 239
1750554272843 0.4388394631460548 240
1750554532658 0.4065938446766076 241
1750554807212 0.4404963747546859 242
1750555070866 0.43390503281881276 243
1750555348177 0.436481040224331 244
1750555619029 0.44244565108948525 245
1750555912096 0.42898799776479446 246
1750556201548 0.41873892782461625 247
1750556465995 0.432626625585294 248
1750556780891 0.4434210252541213 249
1750557434440 0.4335706504371389 250
1750557703331 0.43013945153107896 251
1750557977141 0.4297672427564709 252
1750558270312 0.4531153040936132 253
1750558538189 0.41505658312821997 254
1750558818213 0.4450429816523446 255
1750559082238 0.39719967373029785 256
1750559346839 0.4380080871157632 257
1750559607780 0.4271842908119426 258
1750559884350 0.4140901243133631 259
1750560510267 0.41869493069428326 260
1750560772825 0.40280875694263907 261
1750561042523 0.43604827945943525 262
1750561299174 0.41837720449134846 263
1750561558060 0.4172284770005683 264
1750561813783 0.41235345124983425 265
1750562080828 0.4152517970514853 266
1750562357766 0.43246688053805654 267
1750562618644 0.42201056524542413 268
1750562877322 0.4137971468982896 269
1750563572426 0.4293778630265196 270
1750563846289 0.4369855407806817 271
1750564111453 0.41348005349143246 272
1750564385175 0.430582992622155 273
1750564653742 0.42134457338219705 274
1750564938901 0.4087208084018189 275
1750565205499 0.4326088862189704 276
1750565465980 0.4306362955887265 277
1750565726126 0.44347622337574366 278
1750565984939 0.4426163624201521 279
1750566634927 0.41833337678259425 280
1750566897081 0.4311568120714131 281
1750567156743 0.4287534990086142 282
1750567416131 0.42281410642998213 283
1750567666229 0.4206884310466557 284
1750567916494 0.42573774144295595 285
1750568163374 0.43443855632667894 286
1750568419893 0.4199384245456553 287
1750568668858 0.40842753034790025 288
1750568917138 0.40768960580859687 289
1750569517460 0.4194915222799415 290
1750569774871 0.4267116237161574 291
1750570017665 0.42259791987060313 292
1750570255484 0.41438027903937297 293
1750570499592 0.40317496310752154 294
1750570743114 0.4254165438159988 295
1750570978414 0.4210080083488789 296
1750571217660 0.4184592039475129 297
1750571446322 0.42558283129962193 298
1750571678782 0.4194873902726792 299
1750572286226 0.3994038282528531 300
1750572519633 0.4081715808575968 301
1750572752237 0.4075360367693108 302
1750572991831 0.4126876924051038 303
1750573234036 0.40446828329169027 304
1750573474743 0.4210441248902731 305
1750573721816 0.42901857217016043 306
1750573973234 0.4098017488623958 307
1750574214107 0.43526669506401067 308
1750574457892 0.42365853440455525 309
1750575028311 0.4328452121202891 310
1750575289526 0.4193236776318669 311
1750575532092 0.40798734342142284 312
1750575773233 0.3850586139019427 313
1750576005294 0.41194539807678354 314
1750576241584 0.40954354092139883 315
1750576483151 0.4280509711847969 316
1750576723255 0.42541385314375263 317
1750576965245 0.40465197148273585 318
1750577200702 0.4054027682977781 319
1750577743413 0.4159011389685806 320
1750577986432 0.426204431066964 321
1750578221438 0.42101689945989446 322
1750578460447 0.4021987899548559 323
1750578717224 0.40097973279152943 324
1750578951944 0.4077378805951795 325
1750579187775 0.4215959523146412 326
1750579433673 0.3906696063628176 327
1750579672538 0.3818808943845386 328
1750579906586 0.41690747970382064 329
1750580437726 0.422376545649437 330
1750580672853 0.4116526330961669 331
1750580907008 0.4079522354177095 332
1750581143983 0.421724676365029 333
1750581389719 0.398773534258182 334
1750581655932 0.40691467783474916 335
1750581897205 0.4235491743121945 336
1750582151126 0.4150620497738141 337
1750582400200 0.4242133075446759 338
1750582654460 0.4228660120855345 339
1750583287182 0.414607701919746 340
1750583545854 0.42016755845543674 341
1750583820405 0.41772514712796455 342
1750584086648 0.4320343096696307 343
1750584354456 0.4296860975410614 344
1750584624306 0.4186759226759274 345
1750584881629 0.4287336310122755 346
1750585136212 0.42105319257482066 347
1750585383584 0.41658978775565647 348
1750585633146 0.4002086717440737 349
1750586274948 0.40335628263194956 350
1750586529890 0.4337535225208411 351
1750586789633 0.4067955097439021 352
1750587046206 0.4306425465503507 353
1750587294912 0.40854210780245 354
1750587560299 0.4329088088716941 355
1750587831560 0.4316666940300117 356
1750588108048 0.42365985173476645 357
1750588384769 0.44380784859767275 358
1750588652810 0.4313791311081755 359
1750589306668 0.41567857349139853 360
1750589578132 0.423511294794171 361
1750589866094 0.44138494765639563 362
1750590140044 0.4379714810141655 363
1750590410062 0.42619157251228174 364
1750590675051 0.43340675174099236 365
