1750481586734 0.33314165472984314 1
1750481724146 0.3052651584148407 2
1750481832814 0.3134075105190277 3
1750482016497 0.29299989342689514 4
1750482201301 0.3206024169921875 5
1750482380803 0.30902019143104553 6
1750482564390 0.29975369572639465 7
1750482745714 0.3028564453125 8
1750482894864 0.3258139491081238 9
1750483320027 0.2991306781768799 10
1750483507848 0.30177584290504456 11
1750483697444 0.2949024736881256 12
1750483881875 0.2918543815612793 13
1750484072225 0.29259002208709717 14
1750484237673 0.2661118805408478 15
1750484426285 0.27998656034469604 16
1750484617699 0.2723598778247833 17
1750484810366 0.27340883016586304 18
1750485006758 0.24129249155521393 19
1750485461323 0.25202155113220215 20
1750485658690 0.2582923471927643 21
1750485856395 0.2627958059310913 22
1750486055923 0.2376750111579895 23
1750486255075 0.23251909017562866 24
1750486464304 0.2081722468137741 25
1750486670834 0.2035323679447174 26
1750486877955 0.18738512694835663 27
1750487090325 0.17958112061023712 28
1750487299022 0.1837490200996399 29
1750487900539 0.17750860750675201 30
1750488112613 0.1805219203233719 31
1750488331135 0.16107216477394104 32
1750488552314 0.1575470268726349 33
1750488763423 0.16845703125 34
1750488983091 0.1291751265525818 35
1750489201265 0.15531519055366516 36
1750489424197 0.1262642741203308 37
1750489639204 0.16137759387493134 38
1750489851844 0.16067472100257874 39
1750490401099 0.14461562037467957 40
1750490616254 0.16573868691921234 41
1750491049354 0.161906898021698 42
1750491260613 0.17671208083629608 43
1750491474715 0.16691343486309052 44
1750491688598 0.14755022525787354 45
1750491903750 0.16419866681098938 46
1750492121865 0.16628704965114594 47
1750492345436 0.1320849061012268 48
1750492561225 0.144403874874115 49
1750493146016 0.15215641260147095 50
1750493361671 0.1670302152633667 51
1750493578289 0.14093010127544403 52
1750493797259 0.14405523240566254 53
1750494011398 0.15417346358299255 54
1750494226708 0.13670817017555237 55
1750494443621 0.1242976188659668 56
1750494660401 0.15091709792613983 57
1750494883387 0.13808481395244598 58
1750495097515 0.13245610892772675 59
1750495625100 0.15514110028743744 60
1750495844165 0.13523127138614655 61
1750496077414 0.1516536921262741 62
1750496299699 0.12535938620567322 63
1750496513078 0.13966283202171326 64
1750496729600 0.1472036987543106 65
1750496948033 0.15200865268707275 66
1750497168813 0.15123218297958374 67
1750497387373 0.13245339691638947 68
1750497607822 0.14306730031967163 69
1750498117766 0.13367311656475067 70
1750498337646 0.12565575540065765 71
1750498561268 0.14284653961658478 72
1750498786743 0.15889617800712585 73
1750499003660 0.13972610235214233 74
1750499222479 0.14449703693389893 75
1750499451830 0.12411884218454361 76
1750499677281 0.1330450028181076 77
1750499896776 0.12992870807647705 78
1750500123128 0.11281001567840576 79
1750500701062 0.11043661832809448 80
1750500928911 0.10993453115224838 81
1750501153788 0.09571825712919235 82
1750501385461 0.11038263142108917 83
1750501616857 0.12034078687429428 84
1750501838041 0.10475993156433105 85
1750502063543 0.10924089699983597 86
1750502292394 0.10615850985050201 87
1750502520623 0.08558376133441925 88
1750502748231 0.09312345832586288 89
1750503369073 0.09456169605255127 90
1750503605433 0.08767935633659363 91
1750503844836 0.06200331449508667 92
1750504077800 0.08679639548063278 93
1750504320174 0.0764988586306572 94
1750504556423 0.10535886138677597 95
1750504786139 0.0727277621626854 96
1750505024333 0.11067067831754684 97
1750505260664 0.0980517789721489 98
1750505494707 0.109250009059906 99
1750506066426 0.07539907842874527 100
1750506297986 0.08509296923875809 101
1750506542699 0.0837455689907074 102
1750506781651 0.09426163136959076 103
1750507043667 0.08615809679031372 104
1750507287503 0.06379014253616333 105
1750507525749 0.06672118604183197 106
1750507772569 0.055704910308122635 107
1750508018680 0.05936148390173912 108
1750508265530 0.06872013211250305 109
1750508828561 0.07279698550701141 110
1750509077573 0.06027689576148987 111
1750509321631 0.06860285997390747 112
1750509573962 0.06209785118699074 113
1750509825399 0.04523728787899017 114
1750510084926 0.02814438007771969 115
1750510359439 0.03195812925696373 116
1750510634817 0.00345398997887969 117
1750510912646 0.0076193069107830524 118
1750511213840 -0.006437369156628847 119
1750512203481 -0.017162024974822998 120
1750512516319 -0.005152599886059761 121
1750512830077 -0.006511404179036617 122
1750513143484 -0.0005608047358691692 123
1750513442925 0.0036845910362899303 124
1750513741978 -0.005665776785463095 125
1750514046624 0.00020209224021527916 126
1750514364120 -0.007294540759176016 127
1750514695407 -0.006772554013878107 128
1750515080354 -0.017389725893735886 129
1750516315499 -0.024261178448796272 130
1750516694296 -0.0228375606238842 131
1750517095134 -0.02503466233611107 132
1750517461997 -0.018303420394659042 133
1750517848025 -0.016064580529928207 134
1750518213838 -0.02176436223089695 135
1750518565175 -0.010210094973444939 136
1750518917750 -0.009089842438697815 137
1750519279625 -0.012663833796977997 138
1750519598684 -0.012687033973634243 139
1750520648721 -0.0048156678676605225 140
1750520982281 -0.010178584605455399 141
1750521336895 -0.01673205941915512 142
1750521679480 -0.018858950585126877 143
1750522038555 -0.01293996348977089 144
1750522374845 -0.014937537722289562 145
1750522705318 -0.010744214057922363 146
1750523030847 -0.012536673806607723 147
1750523374472 -0.006941056810319424 148
1750523694320 -0.002237659879028797 149
1750524719759 -0.002904684515669942 150
1750525032970 0.003306728322058916 151
1750525354946 -0.01648668758571148 152
1750525677414 -0.0052451747469604015 153
1750525997372 -0.0050622327253222466 154
1750526323544 -0.013672935776412487 155
1750526653863 -0.013856862671673298 156
1750526979770 -0.02232571505010128 157
1750527311525 -0.005441155284643173 158
1750527630532 -0.005351232830435038 159
1750528511966 -0.0023647258058190346 160
1750528827885 0.005795613396912813 161
1750529146063 -0.009021974168717861 162
1750529457979 0.006385674234479666 163
1750529771115 0.002526853932067752 164
1750530078631 0.009342411532998085 165
1750530382115 -0.0031651188619434834 166
1750530691782 -0.005768338683992624 167
1750530989560 0.010918105952441692 168
1750531278705 0.0042311218567192554 169
1750532008171 0.02328348532319069 170
1750532288290 0.026082666590809822 171
1750532565634 0.017404261976480484 172
1750532861050 0.011845260858535767 173
1750533154806 0.014705803245306015 174
1750533441192 0.025004105642437935 175
1750533726194 0.015125211328268051 176
1750533997909 0.029092708602547646 177
1750534268259 0.027430735528469086 178
1750534552013 0.024531299248337746 179
1750535251430 0.025885792449116707 180
1750535531196 0.0202911626547575 181
1750535811969 0.023547079414129257 182
1750536091438 0.02773069590330124 183
1750536367799 0.022621342912316322 184
1750536672831 0.029157089069485664 185
1750536955205 0.010054326616227627 186
1750537247089 0.026485493406653404 187
1750537548642 0.013206304050981998 188
1750537862422 -0.0013465515803545713 189
1750538654810 0.012804540805518627 190
1750538954617 0.025258487090468407 191
1750539258386 -0.0029929436277598143 192
1750539547146 0.021238595247268677 193
1750539842737 0.013060096651315689 194
1750540128683 0.017316453158855438 195
1750540405826 0.020936599001288414 196
1750540692466 0.023740675300359726 197
1750540973180 0.02582339383661747 198
1750541270685 0.015257050283253193 199
1750541989864 0.029009085148572922 200
1750542267873 0.03299631550908089 201
1750542548953 0.025430947542190552 202
1750542832769 0.023353036493062973 203
1750543104263 0.010245484299957752 204
1750543385257 0.02552809752523899 205
1750543651429 0.03480026498436928 206
1750543937350 0.03365016356110573 207
1750544206476 0.035260774195194244 208
1750544483514 0.027483344078063965 209
1750545129814 0.02899693138897419 210
1750545408626 0.032380107790231705 211
1750545682279 0.029885202646255493 212
1750545954874 0.029523449018597603 213
1750546230031 0.02113104611635208 214
1750546508009 0.021144390106201172 215
1750546777855 0.03193265572190285 216
1750547058762 0.03297262638807297 217
1750547317700 0.03966829180717468 218
1750547595676 0.02904455177485943 219
1750548245774 0.05223046988248825 220
1750548514137 0.03963259235024452 221
1750548767764 0.02742738090455532 222
1750549030480 0.02744130790233612 223
1750549284716 0.04731059819459915 224
1750549536555 0.06385908275842667 225
1750549789196 0.04997013509273529 226
1750550054297 0.04747358337044716 227
1750550305629 0.03329573944211006 228
1750550574349 0.03759828582406044 229
1750551257471 0.02766176126897335 230
1750551524919 0.027248453348875046 231
1750551790166 0.044108036905527115 232
1750552059496 0.037337351590394974 233
1750552333649 0.04720285162329674 234
1750552590382 0.04734092578291893 235
1750552847177 0.050199661403894424 236
1750553114323 0.036835480481386185 237
1750553372220 0.04814758896827698 238
1750553641163 0.026729345321655273 239
1750554272843 0.02527819201350212 240
1750554532658 0.031051961705088615 241
1750554807212 0.015160505659878254 242
1750555070866 0.026661338284611702 243
1750555348177 0.022205721586942673 244
1750555619029 0.018600141629576683 245
1750555912096 0.018150649964809418 246
1750556201548 0.027621062472462654 247
1750556465995 0.02691943757236004 248
1750556780891 0.03227243945002556 249
1750557434440 0.0209781713783741 250
1750557703331 0.020180268213152885 251
1750557977141 0.010193166323006153 252
1750558270312 0.01504680048674345 253
1750558538189 0.022927088662981987 254
1750558818213 0.017093854025006294 255
1750559082238 0.0376385860145092 256
1750559346839 0.04267944395542145 257
1750559607780 0.046209484338760376 258
1750559884350 0.032402731478214264 259
1750560510267 0.04675445705652237 260
1750560772825 0.04916778951883316 261
1750561042523 0.053738970309495926 262
1750561299174 0.04486098140478134 263
1750561558060 0.019286109134554863 264
1750561813783 0.049700040370225906 265
1750562080828 0.04811466485261917 266
1750562357766 0.030958598479628563 267
1750562618644 0.018156377598643303 268
1750562877322 0.038887567818164825 269
1750563572426 0.014297709800302982 270
1750563846289 0.034470222890377045 271
1750564111453 0.03636243939399719 272
1750564385175 0.03815640136599541 273
1750564653742 0.03259165957570076 274
1750564938901 0.02616644836962223 275
1750565205499 0.02188532054424286 276
1750565465980 0.04056154564023018 277
1750565726126 0.032767605036497116 278
1750565984939 0.0455993190407753 279
1750566634927 0.059661850333213806 280
1750566897081 0.03608166426420212 281
1750567156743 0.06168641522526741 282
1750567416131 0.046457089483737946 283
1750567666229 0.07448821514844894 284
1750567916494 0.06913463771343231 285
1750568163374 0.06772232800722122 286
1750568419893 0.06675799936056137 287
1750568668858 0.05983167886734009 288
1750568917138 0.06859023869037628 289
1750569517460 0.05225670337677002 290
1750569774871 0.07228037714958191 291
1750570017665 0.07602822780609131 292
1750570255484 0.05699201673269272 293
1750570499592 0.08312051743268967 294
1750570743114 0.07317500561475754 295
1750570978414 0.06420646607875824 296
1750571217660 0.05937206372618675 297
1750571446322 0.0800202488899231 298
1750571678782 0.07261739671230316 299
1750572286226 0.07267776131629944 300
1750572519633 0.06550072133541107 301
1750572752237 0.07948577404022217 302
1750572991831 0.07861746102571487 303
1750573234036 0.07137136161327362 304
1750573474743 0.06871756166219711 305
1750573721816 0.06318050622940063 306
1750573973234 0.057999733835458755 307
1750574214107 0.06689274311065674 308
1750574457892 0.06287489831447601 309
1750575028311 0.061848048120737076 310
1750575289526 0.07721228152513504 311
1750575532092 0.08100393414497375 312
1750575773233 0.07860128581523895 313
1750576005294 0.10179466009140015 314
1750576241584 0.0683758333325386 315
1750576483151 0.06686688959598541 316
1750576723255 0.07458225637674332 317
1750576965245 0.0726718157529831 318
1750577200702 0.08715661615133286 319
1750577743413 0.07430828362703323 320
1750577986432 0.06859046965837479 321
1750578221438 0.08673247694969177 322
1750578460447 0.07588782906532288 323
1750578717224 0.08347298204898834 324
1750578951944 0.08662921190261841 325
1750579187775 0.08268564939498901 326
1750579433673 0.08215627819299698 327
1750579672538 0.10541675984859467 328
1750579906586 0.09896930307149887 329
1750580437726 0.08692919462919235 330
1750580672853 0.07986964285373688 331
1750580907008 0.07746190577745438 332
1750581143983 0.07581686973571777 333
1750581389719 0.0738953948020935 334
1750581655932 0.05491805821657181 335
1750581897205 0.057098474353551865 336
1750582151126 0.03454601764678955 337
1750582400200 0.05784432217478752 338
1750582654460 0.04776693135499954 339
1750583287182 0.036311257630586624 340
1750583545854 0.04572821408510208 341
1750583820405 0.02766529656946659 342
1750584086648 0.01922011747956276 343
1750584354456 0.015301160514354706 344
1750584624306 0.04423361271619797 345
1750584881629 0.02121378667652607 346
1750585136212 0.035013362765312195 347
1750585383584 0.05829891189932823 348
1750585633146 0.04470611736178398 349
1750586274948 0.048948727548122406 350
1750586529890 0.042668040841817856 351
1750586789633 0.05372298136353493 352
1750587046206 0.045840997248888016 353
1750587294912 0.04386438801884651 354
1750587560299 0.031453393399715424 355
1750587831560 0.03113895282149315 356
1750588108048 0.039546798914670944 357
1750588384769 0.02853997051715851 358
1750588652810 0.011030389927327633 359
1750589306668 0.03796958178281784 360
1750589578132 0.02886650525033474 361
1750589866094 0.017231939360499382 362
1750590140044 0.04121698811650276 363
1750590410062 -0.0038638808764517307 364
1750590675051 0.03710732236504555 365
