1750481586734 -0.25 1
1750481724146 -0.125 2
1750481832814 -0.25 3
1750482016497 -0.25 4
1750482201301 -0.25 5
1750482380803 -0.25 6
1750482564390 -0.25 7
1750482745714 -0.25 8
1750482894864 -0.25 9
1750483320027 -0.25 10
1750483507848 -0.25 11
1750483697444 -0.25 12
1750483881875 -0.25 13
1750484072225 -0.375 14
1750484237673 -0.25 15
1750484426285 -0.375 16
1750484617699 -0.25 17
1750484810366 -0.5 18
1750485006758 -0.375 19
1750485461323 -0.375 20
1750485658690 -0.5 21
1750485856395 -0.625 22
1750486055923 -0.375 23
1750486255075 -0.75 24
1750486464304 -0.875 25
1750486670834 -0.75 26
1750486877955 -0.75 27
1750487090325 -0.75 28
1750487299022 -0.75 29
1750487900539 -0.875 30
1750488112613 -0.75 31
1750488331135 -0.75 32
1750488552314 -0.75 33
1750488763423 -0.875 34
1750488983091 -0.875 35
1750489201265 -0.875 36
1750489424197 -0.875 37
1750489639204 -0.875 38
1750489851844 -0.875 39
1750490401099 -0.875 40
1750490616254 -0.875 41
1750491049354 -0.875 42
1750491260613 -0.875 43
1750491474715 -0.875 44
1750491688598 -0.875 45
1750491903750 -0.875 46
1750492121865 -0.875 47
1750492345436 -0.875 48
1750492561225 -0.875 49
1750493146016 -0.875 50
1750493361671 -0.875 51
1750493578289 -0.875 52
1750493797259 -0.875 53
1750494011398 -0.875 54
1750494226708 -0.875 55
1750494443621 -0.875 56
1750494660401 -0.75 57
1750494883387 -0.875 58
1750495097515 -0.875 59
1750495625100 -0.875 60
1750495844165 -0.875 61
1750496077414 -0.875 62
1750496299699 -0.875 63
1750496513078 -0.875 64
1750496729600 -0.875 65
1750496948033 -0.875 66
1750497168813 -0.875 67
1750497387373 -0.875 68
1750497607822 -0.875 69
1750498117766 -0.875 70
1750498337646 -0.875 71
1750498561268 -0.875 72
1750498786743 -0.875 73
1750499003660 -0.875 74
1750499222479 -0.875 75
1750499451830 -0.875 76
1750499677281 -0.875 77
1750499896776 -0.875 78
1750500123128 -0.875 79
1750500701062 -0.875 80
1750500928911 -0.875 81
1750501153788 -0.875 82
1750501385461 -0.875 83
1750501616857 -0.875 84
1750501838041 -0.875 85
1750502063543 -0.875 86
1750502292394 -0.875 87
1750502520623 -0.875 88
1750502748231 -0.875 89
1750503369073 -0.875 90
1750503605433 -0.875 91
1750503844836 -0.875 92
1750504077800 -0.875 93
1750504320174 -0.875 94
1750504556423 -0.875 95
1750504786139 -0.875 96
1750505024333 -0.875 97
1750505260664 -0.875 98
1750505494707 -0.875 99
1750506066426 -0.875 100
1750506297986 -0.875 101
1750506542699 -0.875 102
1750506781651 -0.875 103
1750507043667 -0.875 104
1750507287503 -0.875 105
1750507525749 -0.875 106
1750507772569 -0.875 107
1750508018680 -0.875 108
1750508265530 -0.875 109
1750508828561 -0.875 110
1750509077573 -0.875 111
1750509321631 -0.875 112
1750509573962 -0.875 113
1750509825399 -0.875 114
1750510084926 -0.875 115
1750510359439 -0.875 116
1750510634817 -0.875 117
1750510912646 -0.875 118
1750511213840 -0.875 119
1750512203481 -0.875 120
1750512516319 -0.875 121
1750512830077 -0.875 122
1750513143484 -0.875 123
1750513442925 -0.875 124
1750513741978 -0.875 125
1750514046624 -0.875 126
1750514364120 -0.875 127
1750514695407 -0.75 128
1750515080354 -0.875 129
1750516315499 -0.875 130
1750516694296 -0.75 131
1750517095134 -0.875 132
1750517461997 -0.875 133
1750517848025 -0.875 134
1750518213838 -0.875 135
1750518565175 -0.875 136
1750518917750 -0.875 137
1750519279625 -0.875 138
1750519598684 -0.875 139
1750520648721 -0.75 140
1750520982281 -0.875 141
1750521336895 -0.875 142
1750521679480 -0.875 143
1750522038555 -0.875 144
1750522374845 -0.875 145
1750522705318 -0.875 146
1750523030847 -0.875 147
1750523374472 -0.875 148
1750523694320 -0.875 149
1750524719759 -0.875 150
1750525032970 -0.875 151
1750525354946 -0.875 152
1750525677414 -0.875 153
1750525997372 -0.875 154
1750526323544 -0.875 155
1750526653863 -0.875 156
1750526979770 -0.875 157
1750527311525 -0.875 158
1750527630532 -0.875 159
1750528511966 -0.875 160
1750528827885 -0.875 161
1750529146063 -0.875 162
1750529457979 -0.875 163
1750529771115 -0.875 164
1750530078631 -0.875 165
1750530382115 -0.875 166
1750530691782 -0.875 167
1750530989560 -0.875 168
1750531278705 -0.875 169
1750532008171 -0.875 170
1750532288290 -0.875 171
1750532565634 -0.875 172
1750532861050 -0.875 173
1750533154806 -0.875 174
1750533441192 -0.875 175
1750533726194 -0.875 176
1750533997909 -0.875 177
1750534268259 -0.875 178
1750534552013 -0.875 179
1750535251430 -0.875 180
1750535531196 -0.875 181
1750535811969 -0.875 182
1750536091438 -0.875 183
1750536367799 -0.875 184
1750536672831 -0.875 185
1750536955205 -0.875 186
1750537247089 -0.875 187
1750537548642 -0.875 188
1750537862422 -0.875 189
1750538654810 -0.875 190
1750538954617 -0.875 191
1750539258386 -0.875 192
1750539547146 -0.875 193
1750539842737 -0.875 194
1750540128683 -0.875 195
1750540405826 -0.875 196
1750540692466 -0.875 197
1750540973180 -0.875 198
1750541270685 -0.875 199
1750541989864 -0.875 200
1750542267873 -0.875 201
1750542548953 -0.875 202
1750542832769 -0.875 203
1750543104263 -0.875 204
1750543385257 -0.875 205
1750543651429 -0.875 206
1750543937350 -0.875 207
1750544206476 -0.875 208
1750544483514 -0.875 209
1750545129814 -0.875 210
1750545408626 -0.875 211
1750545682279 -0.875 212
1750545954874 -0.875 213
1750546230031 -0.875 214
1750546508009 -0.875 215
1750546777855 -0.875 216
1750547058762 -0.875 217
1750547317700 -0.875 218
1750547595676 -0.875 219
1750548245774 -0.875 220
1750548514137 -0.875 221
1750548767764 -0.875 222
1750549030480 -0.875 223
1750549284716 -0.875 224
1750549536555 -0.875 225
1750549789196 -0.875 226
1750550054297 -0.875 227
1750550305629 -0.875 228
1750550574349 -0.875 229
1750551257471 -0.875 230
1750551524919 -0.875 231
1750551790166 -0.875 232
1750552059496 -0.875 233
1750552333649 -0.875 234
1750552590382 -0.875 235
1750552847177 -0.875 236
1750553114323 -0.875 237
1750553372220 -0.875 238
1750553641163 -0.875 239
1750554272843 -0.875 240
1750554532658 -0.875 241
1750554807212 -0.875 242
1750555070866 -0.875 243
1750555348177 -0.875 244
1750555619029 -0.875 245
1750555912096 -0.875 246
1750556201548 -0.875 247
1750556465995 -0.875 248
1750556780891 -0.875 249
1750557434440 -0.875 250
1750557703331 -0.875 251
1750557977141 -0.875 252
1750558270312 -0.875 253
1750558538189 -0.875 254
1750558818213 -0.875 255
1750559082238 -0.875 256
1750559346839 -0.875 257
1750559607780 -0.875 258
1750559884350 -0.875 259
1750560510267 -0.875 260
1750560772825 -0.875 261
1750561042523 -0.875 262
1750561299174 -0.875 263
1750561558060 -0.875 264
1750561813783 -0.875 265
1750562080828 -0.875 266
1750562357766 -0.875 267
1750562618644 -0.875 268
1750562877322 -0.875 269
1750563572426 -0.875 270
1750563846289 -0.875 271
1750564111453 -0.875 272
1750564385175 -0.875 273
1750564653742 -0.875 274
1750564938901 -0.875 275
1750565205499 -0.875 276
1750565465980 -0.875 277
1750565726126 -0.875 278
1750565984939 -0.875 279
1750566634927 -0.875 280
1750566897081 -0.875 281
1750567156743 -0.875 282
1750567416131 -0.875 283
1750567666229 -0.875 284
1750567916494 -0.875 285
1750568163374 -0.875 286
1750568419893 -0.875 287
1750568668858 -0.875 288
1750568917138 -0.875 289
1750569517460 -0.875 290
1750569774871 -0.875 291
1750570017665 -0.875 292
1750570255484 -0.875 293
1750570499592 -0.875 294
1750570743114 -0.875 295
1750570978414 -0.875 296
1750571217660 -0.875 297
1750571446322 -0.875 298
1750571678782 -0.875 299
1750572286226 -0.875 300
1750572519633 -0.875 301
1750572752237 -0.875 302
1750572991831 -0.875 303
1750573234036 -0.875 304
1750573474743 -0.875 305
1750573721816 -0.875 306
1750573973234 -0.875 307
1750574214107 -0.875 308
1750574457892 -0.875 309
1750575028311 -0.875 310
1750575289526 -0.875 311
1750575532092 -0.875 312
1750575773233 -0.875 313
1750576005294 -0.875 314
1750576241584 -0.875 315
1750576483151 -0.875 316
1750576723255 -0.875 317
1750576965245 -0.875 318
1750577200702 -0.875 319
1750577743413 -0.875 320
1750577986432 -0.875 321
1750578221438 -0.875 322
1750578460447 -0.875 323
1750578717224 -0.875 324
1750578951944 -0.875 325
1750579187775 -0.875 326
1750579433673 -0.875 327
1750579672538 -0.875 328
1750579906586 -0.875 329
1750580437726 -0.875 330
1750580672853 -0.875 331
1750580907008 -0.875 332
1750581143983 -0.875 333
1750581389719 -0.875 334
1750581655932 -0.875 335
1750581897205 -0.875 336
1750582151126 -0.875 337
1750582400200 -0.875 338
1750582654460 -0.875 339
1750583287182 -0.875 340
1750583545854 -0.875 341
1750583820405 -0.875 342
1750584086648 -0.875 343
1750584354456 -0.875 344
1750584624306 -0.875 345
1750584881629 -0.875 346
1750585136212 -0.875 347
1750585383584 -0.875 348
1750585633146 -0.875 349
1750586274948 -0.875 350
1750586529890 -0.875 351
1750586789633 -0.875 352
1750587046206 -0.875 353
1750587294912 -0.875 354
1750587560299 -0.875 355
1750587831560 -0.875 356
1750588108048 -0.875 357
1750588384769 -0.875 358
1750588652810 -0.875 359
1750589306668 -0.875 360
1750589578132 -0.875 361
1750589866094 -0.875 362
1750590140044 -0.875 363
1750590410062 -0.875 364
1750590675051 -0.875 365
