1750481586734 0.006300201382665441 1
1750481724146 0.004945016297645408 2
1750481832814 0.005136861131838992 3
1750482016497 0.005215290356785591 4
1750482201301 0.0050797285761470514 5
1750482380803 0.005271115887449055 6
1750482564390 0.005572736381833828 7
1750482745714 0.005823911471953414 8
1750482894864 0.005222160034099543 9
1750483320027 0.0055503129250231735 10
1750483507848 0.004897066407509888 11
1750483697444 0.0054030913031265565 12
1750483881875 0.005286858143373367 13
1750484072225 0.0055837036398137686 14
1750484237673 0.005321187291221407 15
1750484426285 0.0055987603279196475 16
1750484617699 0.005922588811333791 17
1750484810366 0.005938939075327889 18
1750485006758 0.005395432281993088 19
1750485461323 0.004999655075859349 20
1750485658690 0.006089004120549532 21
1750485856395 0.006107812032296253 22
1750486055923 0.0061650459841269 23
1750486255075 0.006338770868732816 24
1750486464304 0.010298914203169895 25
1750486670834 0.007603189291152557 26
1750486877955 0.006989886295209437 27
1750487090325 0.0068482686113770334 28
1750487299022 0.00702206427261151 29
1750487900539 0.007894136969670508 30
1750488112613 0.007939521685407439 31
1750488331135 0.010842177136923576 32
1750488552314 0.008874371313021946 33
1750488763423 0.007296227067739041 34
1750488983091 0.009439841597750803 35
1750489201265 0.009252977566753733 36
1750489424197 0.008244817753169015 37
1750489639204 0.008851000894053848 38
1750489851844 0.007275674630990423 39
1750490401099 0.007860258603465762 40
1750490616254 0.009311858055954298 41
1750491049354 0.12232323567883177 42
1750491260613 0.00852342568523555 43
1750491474715 0.007446867047430627 44
1750491688598 0.00866284008308533 45
1750491903750 0.008559738978899556 46
1750492121865 0.007952452158195882 47
1750492345436 0.012596601002825622 48
1750492561225 0.006959326745553971 49
1750493146016 0.007891617148558053 50
1750493361671 0.007704337156530513 51
1750493578289 0.008566413159985175 52
1750493797259 0.007063995742459788 53
1750494011398 0.0072264119643887115 54
1750494226708 0.007142734410491212 55
1750494443621 0.008143463080714184 56
1750494660401 0.007727204539147472 57
1750494883387 0.008494082278773078 58
1750495097515 0.007378513602894938 59
1750495625100 0.008319670373721 60
1750495844165 0.007952946455597326 61
1750496077414 0.018328053680709142 62
1750496299699 0.009794838405090519 63
1750496513078 0.007375282983061137 64
1750496729600 0.0071171228826818434 65
1750496948033 0.007062255928888004 66
1750497168813 0.00803946132304709 67
1750497387373 0.007471154277965667 68
1750497607822 0.006728686750685 69
1750498117766 0.008458247145103036 70
1750498337646 0.0070429325466180165 71
1750498561268 0.00750956131419946 72
1750498786743 0.011893325535721823 73
1750499003660 0.00884297261200076 74
1750499222479 0.007620504018328578 75
1750499451830 0.007611196505909437 76
1750499677281 0.009317555465214674 77
1750499896776 0.00794377785366177 78
1750500123128 0.008257534182555088 79
1750500701062 0.010013047147000452 80
1750500928911 0.009155181997585825 81
1750501153788 0.006656268199973216 82
1750501385461 0.007712307755811997 83
1750501616857 0.008744078683438806 84
1750501838041 0.006607593814139273 85
1750502063543 0.007450123148058354 86
1750502292394 0.008525345326061405 87
1750502520623 0.006533038906025408 88
1750502748231 0.007641054090282499 89
1750503369073 0.007963111057425892 90
1750503605433 0.007130730957792284 91
1750503844836 0.00949267055300021 92
1750504077800 0.007469394276885586 93
1750504320174 0.006889027808158422 94
1750504556423 0.007608870002021836 95
1750504786139 0.006508854063481639 96
1750505024333 0.010944941830164097 97
1750505260664 0.009828500149937759 98
1750505494707 0.007113894944244691 99
1750506066426 0.006267806425374323 100
1750506297986 0.006941431580992764 101
1750506542699 0.007377537921919368 102
1750506781651 0.0065982942821224645 103
1750507043667 0.01925924125314479 104
1750507287503 0.007744083180527369 105
1750507525749 0.007394091465292579 106
1750507772569 0.008835488189129216 107
1750508018680 0.006315149007733977 108
1750508265530 0.007974762407000461 109
1750508828561 0.007164093990946154 110
1750509077573 0.006242830020343601 111
1750509321631 0.007781244906350722 112
1750509573962 0.006997860617350713 113
1750509825399 0.006580886977818541 114
1750510084926 0.006576210899467691 115
1750510359439 0.0076161406212862616 116
1750510634817 0.0061498199376453086 117
1750510912646 0.006463564832025559 118
1750511213840 0.0065419001954398395 119
1750512203481 0.0059745509056222355 120
1750512516319 0.005224114049364281 121
1750512830077 0.005434706945363701 122
1750513143484 0.00760664265705064 123
1750513442925 0.0064421542443550955 124
1750513741978 0.006484483028301123 125
1750514046624 0.006055437775985384 126
1750514364120 0.006531452589238836 127
1750514695407 0.0053141791656886135 128
1750515080354 0.005742415538981268 129
1750516315499 0.005617368820298423 130
1750516694296 0.005987324729046131 131
1750517095134 0.005375571120321323 132
1750517461997 0.005504170327660684 133
1750517848025 0.0063513388295130535 134
1750518213838 0.005449747489269251 135
1750518565175 0.0057786905748410085 136
1750518917750 0.006023368981839915 137
1750519279625 0.011131818703899031 138
1750519598684 0.005952199924132061 139
1750520648721 0.007436877580774182 140
1750520982281 0.005619083607183847 141
1750521336895 0.006819694976816872 142
1750521679480 0.005687321966290769 143
1750522038555 0.008217422022987702 144
1750522374845 0.005508409582741544 145
1750522705318 0.005507118296271677 146
1750523030847 0.006885525680855654 147
1750523374472 0.006200257731325904 148
1750523694320 0.006549987705587291 149
1750524719759 0.00711644532589078 150
1750525032970 0.005474724299626897 151
1750525354946 0.006478402916013904 152
1750525677414 0.006029047109061785 153
1750525997372 0.005172788458568627 154
1750526323544 0.0061602054094931314 155
1750526653863 0.006275607261945233 156
1750526979770 0.006239885764583195 157
1750527311525 0.00786179124353934 158
1750527630532 0.0054653660800983404 159
1750528511966 0.005523936236751753 160
1750528827885 0.005728991771896795 161
1750529146063 0.006556300120330699 162
1750529457979 0.005743840895752749 163
1750529771115 0.005890963991272302 164
1750530078631 0.005880149734794382 165
1750530382115 0.006100139676180309 166
1750530691782 0.005688627138275792 167
1750530989560 0.006797329752300938 168
1750531278705 0.006245040110834836 169
1750532008171 0.005963078267438673 170
1750532288290 0.006147653644507341 171
1750532565634 0.005460195231460954 172
1750532861050 0.00633294302031455 173
1750533154806 0.005951547454578096 174
1750533441192 0.005835031512884524 175
1750533726194 0.007472110614814594 176
1750533997909 0.0072812417206314685 177
1750534268259 0.006485131833925117 178
1750534552013 0.0061785022978328 179
1750535251430 0.005481210400621093 180
1750535531196 0.006374050046547846 181
1750535811969 0.0059352739160166874 182
1750536091438 0.007985722158990327 183
1750536367799 0.00737147086563318 184
1750536672831 0.01420411568726051 185
1750536955205 0.006483505781218672 186
1750537247089 0.007494415057634194 187
1750537548642 0.0073876113188343475 188
1750537862422 0.0059932176749053915 189
1750538654810 0.006638101466001194 190
1750538954617 0.0058049392114886715 191
1750539258386 0.0054582487701214 192
1750539547146 0.005870274856256369 193
1750539842737 0.007570255091545617 194
1750540128683 0.005655485735728159 195
1750540405826 0.005892504107309494 196
1750540692466 0.0077140187174520244 197
1750540973180 0.007008166015487565 198
1750541270685 0.007843168644544006 199
1750541989864 0.005862995128676693 200
1750542267873 0.005628306871105468 201
1750542548953 0.005891068272019034 202
1750542832769 0.00789202869152763 203
1750543104263 0.0078779348468175 204
1750543385257 0.005980325074272437 205
1750543651429 0.00688900246466787 206
1750543937350 0.007054781050963693 207
1750544206476 0.006201491683013746 208
1750544483514 0.0064281014638342 209
1750545129814 0.012076812349627122 210
1750545408626 0.007924126008908624 211
1750545682279 0.006652848397116656 212
1750545954874 0.007120302876798937 213
1750546230031 0.00742742731446181 214
1750546508009 0.008383898840462579 215
1750546777855 0.005718827016627528 216
1750547058762 0.008252680885294222 217
1750547317700 0.006149613338974883 218
1750547595676 0.006346419650098229 219
1750548245774 0.007676469315467959 220
1750548514137 0.006496514826710897 221
1750548767764 0.005884466392044381 222
1750549030480 0.00616838249217895 223
1750549284716 0.005904930951834279 224
1750549536555 0.005873094595906324 225
1750549789196 0.006030891019519963 226
1750550054297 0.008022360903474088 227
1750550305629 0.00575701743541195 228
1750550574349 0.005811241848768316 229
1750551257471 0.007872217878127528 230
1750551524919 0.006148555560519862 231
1750551790166 0.006038789923564292 232
1750552059496 0.006628684915088091 233
1750552333649 0.006958737929940575 234
1750552590382 0.0063442401126744905 235
1750552847177 0.006983469358972882 236
1750553114323 0.0061203877614743165 237
1750553372220 0.006130118515797118 238
1750553641163 0.006845098364686461 239
1750554272843 0.006159836273632213 240
1750554532658 0.0063802707713294365 241
1750554807212 0.0070272543822570395 242
1750555070866 0.006379522273366354 243
1750555348177 0.0074986204020358205 244
1750555619029 0.006116911303674317 245
1750555912096 0.00578944168405032 246
1750556201548 0.007582942779752803 247
1750556465995 0.006022234177185131 248
1750556780891 0.013017396583369445 249
1750557434440 0.006606535677796197 250
1750557703331 0.006517893960748457 251
1750557977141 0.006492137417744101 252
1750558270312 0.008916251682145005 253
1750558538189 0.006309860013858193 254
1750558818213 0.008072883355368989 255
1750559082238 0.007298454229171854 256
1750559346839 0.0067037618136176515 257
1750559607780 0.006521638279772795 258
1750559884350 0.006966939362990128 259
1750560510267 0.006096754906379679 260
1750560772825 0.007666134951866969 261
1750561042523 0.0076723118565743325 262
1750561299174 0.006500330992616873 263
1750561558060 0.007693163118522026 264
1750561813783 0.005663011442439275 265
1750562080828 0.006116942112232911 266
1750562357766 0.010378419872733982 267
1750562618644 0.00623835598177625 268
1750562877322 0.006285213521879082 269
1750563572426 0.006523258681108661 270
1750563846289 0.006424365096108508 271
1750564111453 0.006756201884936675 272
1750564385175 0.007253059909148343 273
1750564653742 0.006305612177099652 274
1750564938901 0.008626588153799724 275
1750565205499 0.006686836489726636 276
1750565465980 0.006639322665640483 277
1750565726126 0.007293334019196746 278
1750565984939 0.006384420391037801 279
1750566634927 0.006392275904435069 280
1750566897081 0.00793252816022948 281
1750567156743 0.006429657498374946 282
1750567416131 0.007887609688172028 283
1750567666229 0.007437525015877047 284
1750567916494 0.008253749820312347 285
1750568163374 0.007194637971876635 286
1750568419893 0.011264461087199822 287
1750568668858 0.006507870542145542 288
1750568917138 0.006445660566443604 289
1750569517460 0.007085932626647588 290
1750569774871 0.011600432234619266 291
1750570017665 0.007867961623821303 292
1750570255484 0.009552032793129233 293
1750570499592 0.009986609463647085 294
1750570743114 0.007319578115185334 295
1750570978414 0.006156577027411535 296
1750571217660 0.009564382954728142 297
1750571446322 0.006713482662908311 298
1750571678782 0.006389696099930021 299
1750572286226 0.007232640577582402 300
1750572519633 0.006636732579495836 301
1750572752237 0.006224226975241906 302
1750572991831 0.007167282991159234 303
1750573234036 0.006725757297591207 304
1750573474743 0.006411902658847604 305
1750573721816 0.006269098307648004 306
1750573973234 0.007692133975350991 307
1750574214107 0.007023286506690853 308
1750574457892 0.006521547611514999 309
1750575028311 0.008920269838541401 310
1750575289526 0.01318026405221291 311
1750575532092 0.006462592599947281 312
1750575773233 0.0066826758765442555 313
1750576005294 0.006176788190919081 314
1750576241584 0.007017716021668952 315
1750576483151 0.007483025799890935 316
1750576723255 0.008055793869320827 317
1750576965245 0.006586802755243599 318
1750577200702 0.006544976616267812 319
1750577743413 0.00613945663803152 320
1750577986432 0.006174811741594662 321
1750578221438 0.007215021344754083 322
1750578460447 0.006532029777534743 323
1750578717224 0.012518764576958968 324
1750578951944 0.007166622884507566 325
1750579187775 0.006492106596070568 326
1750579433673 0.008072756611094573 327
1750579672538 0.00637322706245902 328
1750579906586 0.0071130266112228715 329
1750580437726 0.005595369586938856 330
1750580672853 0.008221489829020056 331
1750580907008 0.006496469079834838 332
1750581143983 0.006724958830702588 333
1750581389719 0.00839557466209468 334
1750581655932 0.011474714146056553 335
1750581897205 0.006660358533681151 336
1750582151126 0.006850868357702651 337
1750582400200 0.006905930674637699 338
1750582654460 0.007553408275681434 339
1750583287182 0.006127261821629667 340
1750583545854 0.006572129691150861 341
1750583820405 0.006159660372528442 342
1750584086648 0.005927757278438289 343
1750584354456 0.0061224746522512506 344
1750584624306 0.0065705886054598615 345
1750584881629 0.007215482024934665 346
1750585136212 0.007289276937523723 347
1750585383584 0.006126208610253129 348
1750585633146 0.005855811219804123 349
1750586274948 0.006889040339535236 350
1750586529890 0.009196347799435078 351
1750586789633 0.00627919692250981 352
1750587046206 0.008261704675235989 353
1750587294912 0.006309333354255623 354
1750587560299 0.007580089851934998 355
1750587831560 0.007506976449038685 356
1750588108048 0.007472329958242536 357
1750588384769 0.006512412431339691 358
1750588652810 0.008648259478091348 359
1750589306668 0.005937222195678567 360
1750589578132 0.00788031537058735 361
1750589866094 0.006073528679100141 362
1750590140044 0.006320076175703732 363
1750590410062 0.006019872948069636 364
1750590675051 0.006731393043323622 365
