1750481586734 0.0802678275022639 1
1750481724146 0.09357534902357749 2
1750481832814 0.0673414408355031 3
1750482016497 0.1312874598957089 4
1750482201301 0.1349575907644417 5
1750482380803 0.1277742428086257 6
1750482564390 0.13273414153494495 7
1750482745714 0.1324975979079929 8
1750482894864 0.10047734732127855 9
1750483320027 0.12991568860397842 10
1750483507848 0.12610508985877858 11
1750483697444 0.1295375108122851 12
1750483881875 0.12561095028548316 13
1750484072225 0.12625699140587612 14
1750484237673 0.11209591486489305 15
1750484426285 0.11916677615493665 16
1750484617699 0.1290087960867861 17
1750484810366 0.12368642845107568 18
1750485006758 0.1262114499047962 19
1750485461323 0.12358435216805101 20
1750485658690 0.12358321566797491 21
1750485856395 0.12418215969941324 22
1750486055923 0.12224137711743152 23
1750486255075 0.12034501335705038 24
1750486464304 0.11577133112695172 25
1750486670834 0.11499075280838801 26
1750486877955 0.10993427580007827 27
1750487090325 0.10668757742021286 28
1750487299022 0.10911103744922442 29
1750487900539 0.10464838449405703 30
1750488112613 0.10595795982654242 31
1750488331135 0.10491066691941978 32
1750488552314 0.10329371569501897 33
1750488763423 0.10502668879941107 34
1750488983091 0.10627264204900091 35
1750489201265 0.10536878204965006 36
1750489424197 0.1076762056213263 37
1750489639204 0.10603545207164419 38
1750489851844 0.10589329420969497 39
1750490401099 0.11152946523919262 40
1750490616254 0.1085730955321059 41
1750491049354 0.103223953539812 42
1750491260613 0.10914926257610671 43
1750491474715 0.10787474987090502 44
1750491688598 0.1063778856118475 45
1750491903750 0.10571395806034367 46
1750492121865 0.10473350406607575 47
1750492345436 0.10915414321454509 48
1750492561225 0.10797582066821997 49
1750493146016 0.10258236875605845 50
1750493361671 0.10565491245555089 51
1750493578289 0.10948250549402301 52
1750493797259 0.10216353764098635 53
1750494011398 0.10506003032944744 54
1750494226708 0.10698553451324536 55
1750494443621 0.10618768712094259 56
1750494660401 0.1004269591825844 57
1750494883387 0.1022393003073512 58
1750495097515 0.1045648162288004 59
1750495625100 0.10158392489670892 60
1750495844165 0.10124954858266451 61
1750496077414 0.10676973108773784 62
1750496299699 0.10189040862093991 63
1750496513078 0.11093568147227872 64
1750496729600 0.10319628777317508 65
1750496948033 0.10042085628496861 66
1750497168813 0.10214591102313111 67
1750497387373 0.10149073503164208 68
1750497607822 0.10471143234687391 69
1750498117766 0.09825537492328541 70
1750498337646 0.09863274662376173 71
1750498561268 0.09588648960016011 72
1750498786743 0.10070446718636705 73
1750499003660 0.10597471369103294 74
1750499222479 0.10056700242865246 75
1750499451830 0.09719280471420187 76
1750499677281 0.09710481595460266 77
1750499896776 0.10180016898636272 78
1750500123128 0.09781968338531476 79
1750500701062 0.10017632119086771 80
1750500928911 0.0955430395306445 81
1750501153788 0.0968057943474858 82
1750501385461 0.09351156125886587 83
1750501616857 0.09457333346738182 84
1750501838041 0.09255919117808875 85
1750502063543 0.09503780821099807 86
1750502292394 0.09454183506777025 87
1750502520623 0.09061008007172341 88
1750502748231 0.09304585298001908 89
1750503369073 0.0868789816690616 90
1750503605433 0.08797666982561793 91
1750503844836 0.08927051974554101 92
1750504077800 0.09014826136516631 93
1750504320174 0.08596989961603095 94
1750504556423 0.0878960492501688 95
1750504786139 0.0937955362493106 96
1750505024333 0.09211636252127979 97
1750505260664 0.09137576419063163 98
1750505494707 0.09302331505648723 99
1750506066426 0.08777959910919701 100
1750506297986 0.0872316837218327 101
1750506542699 0.08656369731820923 102
1750506781651 0.09060443745172048 103
1750507043667 0.09137053026311055 104
1750507287503 0.08912526652053168 105
1750507525749 0.08838167147530307 106
1750507772569 0.08862343315359056 107
1750508018680 0.08388048846966087 108
1750508265530 0.08367190800035695 109
1750508828561 0.08928754065732347 110
1750509077573 0.0784641671494517 111
1750509321631 0.08184537112416676 112
1750509573962 0.07859172501357642 113
1750509825399 0.07716759911232855 114
1750510084926 0.07406052090879593 115
1750510359439 0.0761933083812905 116
1750510634817 0.07030021949659214 117
1750510912646 0.06889607032914367 118
1750511213840 0.0635949391841345 119
1750512203481 0.06199070465974152 120
1750512516319 0.06142570251486635 121
1750512830077 0.0650822060266923 122
1750513143484 0.06440822886966066 123
1750513442925 0.0661422628983511 124
1750513741978 0.06680028285390824 125
1750514046624 0.06576496220867922 126
1750514364120 0.06463242513558616 127
1750514695407 0.059596246886808715 128
1750515080354 0.06254783307678786 129
1750516315499 0.060567747126774305 130
1750516694296 0.06034262482537829 131
1750517095134 0.06475582523004547 132
1750517461997 0.059724251806937155 133
1750517848025 0.06423870970441402 134
1750518213838 0.06195421233372856 135
1750518565175 0.06235766000601482 136
1750518917750 0.06186119189583282 137
1750519279625 0.06206201960040285 138
1750519598684 0.06153447029078233 139
1750520648721 0.060754562494867104 140
1750520982281 0.06417654846855557 141
1750521336895 0.06102183580799754 142
1750521679480 0.062396081366921576 143
1750522038555 0.06327732060546826 144
1750522374845 0.061286473687734114 145
1750522705318 0.06122619868966209 146
1750523030847 0.06219934207731169 147
1750523374472 0.06514939152591481 148
1750523694320 0.06259646058680911 149
1750524719759 0.062368566366366 150
1750525032970 0.061801593412327376 151
1750525354946 0.06268557453313758 152
1750525677414 0.062218045467044805 153
1750525997372 0.061976854015012385 154
1750526323544 0.061337987601579054 155
1750526653863 0.060852766666878395 156
1750526979770 0.06286898325276408 157
1750527311525 0.060976119274899036 158
1750527630532 0.06369494965591176 159
1750528511966 0.06544511989367158 160
1750528827885 0.06343605832536925 161
1750529146063 0.06469420975502202 162
1750529457979 0.06457392769727 163
1750529771115 0.0664063733124561 164
1750530078631 0.06698548420903308 165
1750530382115 0.06482007795580576 166
1750530691782 0.06538893786964696 167
1750530989560 0.06585104518430349 168
1750531278705 0.06672842040611031 169
1750532008171 0.06838539033728042 170
1750532288290 0.06976395163059253 171
1750532565634 0.07058097711631497 172
1750532861050 0.06972110986630879 173
1750533154806 0.06720512684067521 174
1750533441192 0.07426254943300674 175
1750533726194 0.07298266679374407 176
1750533997909 0.07673066721886944 177
1750534268259 0.07184890007173095 178
1750534552013 0.069051691253983 179
1750535251430 0.07572708095689258 180
1750535531196 0.07359969158492642 181
1750535811969 0.07210616621628725 182
1750536091438 0.0742035383902536 183
1750536367799 0.07047878485746954 184
1750536672831 0.07128709162158194 185
1750536955205 0.07245435901731162 186
1750537247089 0.07223033152909737 187
1750537548642 0.07216919354622153 188
1750537862422 0.07097489710818854 189
1750538654810 0.07033030744636334 190
1750538954617 0.07003992473128479 191
1750539258386 0.06984381814888065 192
1750539547146 0.07171310409875103 193
1750539842737 0.07349478096253244 194
1750540128683 0.06987359016896744 195
1750540405826 0.07226917677892906 196
1750540692466 0.07192312396587666 197
1750540973180 0.07289090106907313 198
1750541270685 0.07338133760929184 199
1750541989864 0.0724371832481004 200
1750542267873 0.07156978810573976 201
1750542548953 0.06942806808118218 202
1750542832769 0.07357958772830815 203
1750543104263 0.07373330135538209 204
1750543385257 0.07541900899673583 205
1750543651429 0.07650228079026808 206
1750543937350 0.07261844686393992 207
1750544206476 0.07394535516960737 208
1750544483514 0.07398638971564682 209
1750545129814 0.0699487816565311 210
1750545408626 0.06878479318788691 211
1750545682279 0.07218109955177698 212
1750545954874 0.07295591193735125 213
1750546230031 0.07390845518898728 214
1750546508009 0.07605368654501349 215
1750546777855 0.07381407482496642 216
1750547058762 0.07267339658547206 217
1750547317700 0.0734886631533693 218
1750547595676 0.07222341643099155 219
1750548245774 0.07774931781029513 220
1750548514137 0.07718116087428624 221
1750548767764 0.07568948104607023 222
1750549030480 0.07857302335863431 223
1750549284716 0.07735266065166894 224
1750549536555 0.07883665829944475 225
1750549789196 0.07751168104415192 226
1750550054297 0.07824500362031402 227
1750550305629 0.07715331174392515 228
1750550574349 0.07401128816936363 229
1750551257471 0.07707038432079409 230
1750551524919 0.07542261641638973 231
1750551790166 0.07827048673443136 232
1750552059496 0.06947671211337952 233
1750552333649 0.07126853384078095 234
1750552590382 0.07824606482924647 235
1750552847177 0.0740746790150482 236
1750553114323 0.07318707981709298 237
1750553372220 0.07397081359497021 238
1750553641163 0.07463576580003389 239
1750554272843 0.07718989250957049 240
1750554532658 0.07460787652887212 241
1750554807212 0.07171796734987201 242
1750555070866 0.07429537592800899 243
1750555348177 0.07178551383417947 244
1750555619029 0.0700283047506318 245
1750555912096 0.07157952274748174 246
1750556201548 0.0733793071426866 247
1750556465995 0.07079472254623358 248
1750556780891 0.07087712636417041 249
1750557434440 0.07109317607133528 250
1750557703331 0.07651501949241071 251
1750557977141 0.06837017150256332 252
1750558270312 0.07296255743633755 253
1750558538189 0.0739529703203798 254
1750558818213 0.07100195442307529 255
1750559082238 0.07354417742183597 256
1750559346839 0.07403401054388138 257
1750559607780 0.07556597405359586 258
1750559884350 0.07996629525941486 259
1750560510267 0.07759804969686446 260
1750560772825 0.08261653134590188 261
1750561042523 0.07696570322202291 262
1750561299174 0.07951479971936655 263
1750561558060 0.0824304142289318 264
1750561813783 0.07602851997961788 265
1750562080828 0.07712309022682377 266
1750562357766 0.07470628109923301 267
1750562618644 0.07636389664870337 268
1750562877322 0.07550972037571656 269
1750563572426 0.07291411992559238 270
1750563846289 0.07380270659311496 271
1750564111453 0.07519449389395202 272
1750564385175 0.07440166730377204 273
1750564653742 0.07939555465361667 274
1750564938901 0.07869077786573746 275
1750565205499 0.07334803846429305 276
1750565465980 0.07579645164098815 277
1750565726126 0.0786070319256665 278
1750565984939 0.07598228603088442 279
1750566634927 0.07587985291007134 280
1750566897081 0.07527896256550225 281
1750567156743 0.08152693402562908 282
1750567416131 0.07896387266321932 283
1750567666229 0.07957535313876003 284
1750567916494 0.08339468538548352 285
1750568163374 0.08134824368127537 286
1750568419893 0.07956962313007675 287
1750568668858 0.08141643545448522 288
1750568917138 0.0823219803437 289
1750569517460 0.0801972171161277 290
1750569774871 0.07942809094555961 291
1750570017665 0.08538507864176519 292
1750570255484 0.08777448166100896 293
1750570499592 0.08366176024648854 294
1750570743114 0.0827413102953163 295
1750570978414 0.08345507766184548 296
1750571217660 0.08419123543422255 297
1750571446322 0.08819262443468205 298
1750571678782 0.08656963420549553 299
1750572286226 0.08357914629864766 300
1750572519633 0.08722709399400616 301
1750572752237 0.08561535025633435 302
1750572991831 0.08204524905966798 303
1750573234036 0.08989982571854596 304
1750573474743 0.08403972367143185 305
1750573721816 0.0770127906077934 306
1750573973234 0.07915938280366783 307
1750574214107 0.08781083476572091 308
1750574457892 0.08307348020452 309
1750575028311 0.08224529947355834 310
1750575289526 0.08614886481991299 311
1750575532092 0.08389561614150576 312
1750575773233 0.08599381476790205 313
1750576005294 0.08825209890217217 314
1750576241584 0.08839961425213835 315
1750576483151 0.08474709152630253 316
1750576723255 0.08460739614240967 317
1750576965245 0.0838710669067634 318
1750577200702 0.08868724239822266 319
1750577743413 0.0863550809328173 320
1750577986432 0.08198343729189016 321
1750578221438 0.08800195924752502 322
1750578460447 0.08451765923906879 323
1750578717224 0.0899995861044137 324
1750578951944 0.09154338223296418 325
1750579187775 0.08360248460992685 326
1750579433673 0.0855306625646361 327
1750579672538 0.08349159846990627 328
1750579906586 0.08392121201634024 329
1750580437726 0.09308547672833231 330
1750580672853 0.09178826184323051 331
1750580907008 0.0883775628179862 332
1750581143983 0.08884322161246981 333
1750581389719 0.08273236899840301 334
1750581655932 0.08722906072353451 335
1750581897205 0.08647601361441133 336
1750582151126 0.07930954297397994 337
1750582400200 0.08001951877152766 338
1750582654460 0.0814500169912359 339
1750583287182 0.08245076625367675 340
1750583545854 0.07962014472947425 341
1750583820405 0.07287859945708243 342
1750584086648 0.07432411376880609 343
1750584354456 0.07317300527112616 344
1750584624306 0.07650742844649298 345
1750584881629 0.08387569321371835 346
1750585136212 0.08259423422264348 347
1750585383584 0.07972026532220097 348
1750585633146 0.07937988312620739 349
1750586274948 0.08488480990431761 350
1750586529890 0.08070754580759355 351
1750586789633 0.07772623418017753 352
1750587046206 0.07689937320707549 353
1750587294912 0.08039979730575325 354
1750587560299 0.07443650906876713 355
1750587831560 0.07656529755782995 356
1750588108048 0.07073274374185805 357
1750588384769 0.07137388825079528 358
1750588652810 0.07266559889252992 359
1750589306668 0.0742073605684295 360
1750589578132 0.07180356078459947 361
1750589866094 0.06548431464616698 362
1750590140044 0.07121017661926844 363
1750590410062 0.07276957751466923 364
1750590675051 0.07344282236619737 365
