1750481586734 0.014141239126222704 1
1750481724146 0.013338696824275192 2
1750481832814 0.015007424131445202 3
1750482016497 0.013470206828464944 4
1750482201301 0.013679176612350743 5
1750482380803 0.013373616036260508 6
1750482564390 0.013376212615308067 7
1750482745714 0.013442967842965031 8
1750482894864 0.01320910317032521 9
1750483320027 0.01351328441893389 10
1750483507848 0.01336123290868769 11
1750483697444 0.014118011489043123 12
1750483881875 0.013720749630667625 13
1750484072225 0.013230890304008492 14
1750484237673 0.012770414898025412 15
1750484426285 0.013729732105486914 16
1750484617699 0.013109505614237483 17
1750484810366 0.013032356933930551 18
1750485006758 0.013694413794799357 19
1750485461323 0.01365229691181543 20
1750485658690 0.013212471682966284 21
1750485856395 0.013136855970877466 22
1750486055923 0.013110979004840248 23
1750486255075 0.012784971945038864 24
1750486464304 0.013160055700276096 25
1750486670834 0.012990664345543045 26
1750486877955 0.012830614595062143 27
1750487090325 0.01318378480785644 28
1750487299022 0.012534747280674139 29
1750487900539 0.013364256116307531 30
1750488112613 0.013287838412156892 31
1750488331135 0.013423850461957418 32
1750488552314 0.012717728056455583 33
1750488763423 0.012929706794195427 34
1750488983091 0.012933456593669691 35
1750489201265 0.013654204815713762 36
1750489424197 0.012921462408780707 37
1750489639204 0.013182593676923232 38
1750489851844 0.014005992028129743 39
1750490401099 0.013665399506445982 40
1750490616254 0.012939102910373932 41
1750491049354 0.013386664305274236 42
1750491260613 0.013330954897531125 43
1750491474715 0.013647643145553666 44
1750491688598 0.013404629712534378 45
1750491903750 0.01285544327111955 46
1750492121865 0.012729707873358077 47
1750492345436 0.013153561621896528 48
1750492561225 0.012482223553896912 49
1750493146016 0.013603783095261337 50
1750493361671 0.012979219910362414 51
1750493578289 0.012410680529095578 52
1750493797259 0.01335933347468093 53
1750494011398 0.012944434728219587 54
1750494226708 0.012645681586680352 55
1750494443621 0.013054780241379377 56
1750494660401 0.013152132803397526 57
1750494883387 0.01244874671775832 58
1750495097515 0.012770855424792706 59
1750495625100 0.012376133774329015 60
1750495844165 0.01308799981124142 61
1750496077414 0.014126465890199632 62
1750496299699 0.013009556225400065 63
1750496513078 0.012410136495341648 64
1750496729600 0.013153576740136808 65
1750496948033 0.013224546493636441 66
1750497168813 0.012748763797033028 67
1750497387373 0.0134278192863965 68
1750497607822 0.012516094093987976 69
1750498117766 0.012405625303939325 70
1750498337646 0.012823736311198076 71
1750498561268 0.013440496205452328 72
1750498786743 0.01330900370808979 73
1750499003660 0.013462857833418987 74
1750499222479 0.0130320604352527 75
1750499451830 0.013543078573979512 76
1750499677281 0.012980200730859448 77
1750499896776 0.012737986724441958 78
1750500123128 0.01347466420228468 79
1750500701062 0.013450768552697003 80
1750500928911 0.012852833619157981 81
1750501153788 0.012809877264640062 82
1750501385461 0.014382108851972924 83
1750501616857 0.013853747433538639 84
1750501838041 0.012875883873105974 85
1750502063543 0.012931590405418704 86
1750502292394 0.012914681045163365 87
1750502520623 0.013138913838312208 88
1750502748231 0.012696913007007832 89
1750503369073 0.01287046586494518 90
1750503605433 0.012789264325148162 91
1750503844836 0.012570083447026644 92
1750504077800 0.012868677933034926 93
1750504320174 0.012561643123689717 94
1750504556423 0.01307572774941534 95
1750504786139 0.012541172790198675 96
1750505024333 0.012449924758904841 97
1750505260664 0.012709763932248597 98
1750505494707 0.012703104303108486 99
1750506066426 0.012652756434465224 100
1750506297986 0.012674970064102757 101
1750506542699 0.014149360017901149 102
1750506781651 0.012393117557121658 103
1750507043667 0.013114038588501256 104
1750507287503 0.012748529463985915 105
1750507525749 0.01274401133779239 106
1750507772569 0.01292213840015768 107
1750508018680 0.013359138985985302 108
1750508265530 0.012502751562020485 109
1750508828561 0.012979096701520544 110
1750509077573 0.012681980607431089 111
1750509321631 0.012208043427997447 112
1750509573962 0.01242758936488828 113
1750509825399 0.012904215897025501 114
1750510084926 0.012392871591582684 115
1750510359439 0.012598161661151974 116
1750510634817 0.01292071980367353 117
1750510912646 0.012408605463962621 118
1750511213840 0.012921598650697776 119
1750512203481 0.012560380782580293 120
1750512516319 0.012465204078475654 121
1750512830077 0.012322308818008353 122
1750513143484 0.012613560153152186 123
1750513442925 0.01222061005576724 124
1750513741978 0.01220642257937713 125
1750514046624 0.013047618345080926 126
1750514364120 0.012558718550382077 127
1750514695407 0.01204253373210333 128
1750515080354 0.012140863268463328 129
1750516315499 0.012163674667997474 130
1750516694296 0.012124704295799307 131
1750517095134 0.01215929055335844 132
1750517461997 0.012091445765465872 133
1750517848025 0.012257008383671256 134
1750518213838 0.01262106041886951 135
1750518565175 0.012702611626114782 136
1750518917750 0.012619717134963331 137
1750519279625 0.012295493776643263 138
1750519598684 0.012524323461307819 139
1750520648721 0.012112575620809113 140
1750520982281 0.012275058789224483 141
1750521336895 0.012600143606489766 142
1750521679480 0.01281175273694918 143
1750522038555 0.012430351177170361 144
1750522374845 0.012857704802884558 145
1750522705318 0.012359451689055166 146
1750523030847 0.012992904006114076 147
1750523374472 0.01247158314879761 148
1750523694320 0.012350840834226834 149
1750524719759 0.012457327126683135 150
1750525032970 0.012061754148272215 151
1750525354946 0.013015642951479483 152
1750525677414 0.012662908388329756 153
1750525997372 0.012250010202745486 154
1750526323544 0.012191670618904887 155
1750526653863 0.012945439513668769 156
1750526979770 0.013196619248285142 157
1750527311525 0.012743123465279104 158
1750527630532 0.012612392270776984 159
1750528511966 0.012667898064165087 160
1750528827885 0.012416578678255135 161
1750529146063 0.012759046864001648 162
1750529457979 0.012547216395713183 163
1750529771115 0.012745389168002953 164
1750530078631 0.01231828303953732 165
1750530382115 0.012832395325751561 166
1750530691782 0.012609781045496168 167
1750530989560 0.012718975136789448 168
1750531278705 0.012669317193247504 169
1750532008171 0.012840941688755984 170
1750532288290 0.01279848295993478 171
1750532565634 0.01208633520791165 172
1750532861050 0.012247511205979071 173
1750533154806 0.012258046962348605 174
1750533441192 0.012474480204304653 175
1750533726194 0.01213862517205184 176
1750533997909 0.012303591663382544 177
1750534268259 0.0122742961989865 178
1750534552013 0.012655173839841919 179
1750535251430 0.012344781821507389 180
1750535531196 0.012513615205755278 181
1750535811969 0.01261742141569593 182
1750536091438 0.01249735401367643 183
1750536367799 0.012764841390927368 184
1750536672831 0.012466183711974235 185
1750536955205 0.012339469335083026 186
1750537247089 0.012852658904803778 187
1750537548642 0.01221606171541787 188
1750537862422 0.012230303037066025 189
1750538654810 0.013045449779404788 190
1750538954617 0.012194678544149124 191
1750539258386 0.012581167681458229 192
1750539547146 0.012702284091825358 193
1750539842737 0.012623631650714949 194
1750540128683 0.012784785606621921 195
1750540405826 0.012069941986058699 196
1750540692466 0.012346539344331721 197
1750540973180 0.01262478336972354 198
1750541270685 0.012322800228316269 199
1750541989864 0.012528131014518683 200
1750542267873 0.012855971687212095 201
1750542548953 0.012585405497626411 202
1750542832769 0.012781246859910843 203
1750543104263 0.012624382208480443 204
1750543385257 0.01250320878683992 205
1750543651429 0.012718602306497743 206
1750543937350 0.012350705794011494 207
1750544206476 0.012566697752876596 208
1750544483514 0.012269151529216323 209
1750545129814 0.012170075007690549 210
1750545408626 0.012314766435870332 211
1750545682279 0.012426552245526901 212
1750545954874 0.012038774022752705 213
1750546230031 0.012685374933628875 214
1750546508009 0.012569723024461977 215
1750546777855 0.012598917253628895 216
1750547058762 0.012655162566943576 217
1750547317700 0.012693271424936762 218
1750547595676 0.012234675409537394 219
1750548245774 0.01232514342365083 220
1750548514137 0.012471484175752865 221
1750548767764 0.012358850623261862 222
1750549030480 0.012461083459464702 223
1750549284716 0.013296377445122043 224
1750549536555 0.012723164148454277 225
1750549789196 0.012558886851963018 226
1750550054297 0.012407520817849786 227
1750550305629 0.012796968828607385 228
1750550574349 0.01255045403394899 229
1750551257471 0.012583877456104835 230
1750551524919 0.01201881409723744 231
1750551790166 0.012257627737186381 232
1750552059496 0.012332154948847804 233
1750552333649 0.012901703567844418 234
1750552590382 0.012520926942005394 235
1750552847177 0.012342891956895263 236
1750553114323 0.012178067713578758 237
1750553372220 0.012621144209692072 238
1750553641163 0.01245962737441844 239
1750554272843 0.012087662848292815 240
1750554532658 0.013044517649920097 241
1750554807212 0.012127845852893764 242
1750555070866 0.012267856740518494 243
1750555348177 0.012325316752850769 244
1750555619029 0.012197926158562005 245
1750555912096 0.012713713658929763 246
1750556201548 0.012803127743432521 247
1750556465995 0.012451997080767685 248
1750556780891 0.01216409716701118 249
1750557434440 0.01245038845373569 250
1750557703331 0.012439463919978407 251
1750557977141 0.012515302805492162 252
1750558270312 0.011889494747744008 253
1750558538189 0.012959580365184435 254
1750558818213 0.012185202570779404 255
1750559082238 0.0134779350069203 256
1750559346839 0.012463957835730502 257
1750559607780 0.012521216010525988 258
1750559884350 0.012936377866489344 259
1750560510267 0.01272926396598788 260
1750560772825 0.013188245035885173 261
1750561042523 0.012327644557425155 262
1750561299174 0.012798572010351483 263
1750561558060 0.012763383206066561 264
1750561813783 0.013134818025189787 265
1750562080828 0.013046992789765826 266
1750562357766 0.012468168180777763 267
1750562618644 0.012855211571687748 268
1750562877322 0.012932367223179456 269
1750563572426 0.01268581788563396 270
1750563846289 0.012398570684743846 271
1750564111453 0.012987569061934599 272
1750564385175 0.01260863882940598 273
1750564653742 0.012608959885553002 274
1750564938901 0.013181809066321907 275
1750565205499 0.012501874292008174 276
1750565465980 0.012468540287478432 277
1750565726126 0.012074684892113363 278
1750565984939 0.012036831587363364 279
1750566634927 0.01282547013569196 280
1750566897081 0.01239056419315586 281
1750567156743 0.012480886687210197 282
1750567416131 0.012661486378378708 283
1750567666229 0.012722111626563304 284
1750567916494 0.012555121695601591 285
1750568163374 0.012286105447026923 286
1750568419893 0.012677969335353294 287
1750568668858 0.013079514584804358 288
1750568917138 0.01292156902527818 289
1750569517460 0.0126003545234104 290
1750569774871 0.012395035495834855 291
1750570017665 0.012487031475654347 292
1750570255484 0.012593875900074438 293
1750570499592 0.012966286886999821 294
1750570743114 0.01238795206862356 295
1750570978414 0.012419779867165047 296
1750571217660 0.012585289028360834 297
1750571446322 0.012308937274214064 298
1750571678782 0.012526527375748699 299
1750572286226 0.01311430849006783 300
1750572519633 0.012829283188827714 301
1750572752237 0.01278678027661732 302
1750572991831 0.012671291380043479 303
1750573234036 0.012957662569824504 304
1750573474743 0.012584898576953532 305
1750573721816 0.012376295852788315 306
1750573973234 0.0129382478334984 307
1750574214107 0.012147745647281672 308
1750574457892 0.012353959116086744 309
1750575028311 0.012103816546890231 310
1750575289526 0.012519812874711113 311
1750575532092 0.012697259835053714 312
1750575773233 0.013529554433553517 313
1750576005294 0.012509789971725107 314
1750576241584 0.01265154811453506 315
1750576483151 0.012453840423704975 316
1750576723255 0.012400772405158337 317
1750576965245 0.012939969469670326 318
1750577200702 0.012881809474188885 319
1750577743413 0.012663278566096548 320
1750577986432 0.012361848052257336 321
1750578221438 0.012351699087410172 322
1750578460447 0.013033791142427954 323
1750578717224 0.013059404047775875 324
1750578951944 0.012741321795168138 325
1750579187775 0.012391206560627687 326
1750579433673 0.013460395869507294 327
1750579672538 0.013708824008711318 328
1750579906586 0.01240295506086825 329
1750580437726 0.01240777527595664 330
1750580672853 0.012554736727557586 331
1750580907008 0.012795201378747442 332
1750581143983 0.01226353667969625 333
1750581389719 0.013100108753127955 334
1750581655932 0.012872370235792472 335
1750581897205 0.012402808898097696 336
1750582151126 0.01286498039116416 337
1750582400200 0.012574300889735818 338
1750582654460 0.012634319336749954 339
1750583287182 0.012872337883821784 340
1750583545854 0.012758873135367185 341
1750583820405 0.012991996065343644 342
1750584086648 0.012582676988206773 343
1750584354456 0.012532313810737132 344
1750584624306 0.012904167940596544 345
1750584881629 0.01246801483749327 346
1750585136212 0.01271302953836567 347
1750585383584 0.012757089292628067 348
1750585633146 0.01325972107852077 349
1750586274948 0.013146109344265062 350
1750586529890 0.0124877679233812 351
1750586789633 0.013127247697822572 352
1750587046206 0.012515188021315638 353
1750587294912 0.013077738865797585 354
1750587560299 0.012429067538147657 355
1750587831560 0.012626147647467863 356
1750588108048 0.01284907874938242 357
1750588384769 0.012217901655868273 358
1750588652810 0.012416078154062529 359
1750589306668 0.013041625574578098 360
1750589578132 0.012770849218089467 361
1750589866094 0.012555419924307256 362
1750590140044 0.01237747654827221 363
1750590410062 0.012796560358731182 364
1750590675051 0.012497262931878148 365
