1750483320027 0.011437290214963517 10
1750485461323 0.05694679650338088 20
1750487900539 0.17847204112315004 30
1750490401099 0.2090953420534687 40
1750493146016 0.2218716475200689 50
1750495625100 0.22816158324408553 60
1750498117766 0.22209842583339215 70
1750500701062 0.23291702781758974 80
1750503369073 0.23538455565115105 90
1750506066426 0.22633827887373287 100
1750508828561 0.23056485527811796 110
1750512203481 0.1930717322923369 120
1750516315499 0.17445998074985022 130
1750520648721 0.20384434972649976 140
1750524719759 0.2125814646050332 150
1750528511966 0.22231478477497085 160
1750532008171 0.22838996724596136 170
1750535251430 0.22636836330550766 180
1750538654810 0.2251220146735004 190
1750541989864 0.23869168982546746 200
1750545129814 0.23627938373544874 210
1750548245774 0.23911285709220942 220
1750551257471 0.25067848381551733 230
1750554272843 0.240017133756598 240
1750557434440 0.24035292299343336 250
1750560510267 0.24722500125491037 260
1750563572426 0.24476911877911087 270
1750566634927 0.2394148894853955 280
1750569517460 0.22314455163543784 290
1750572286226 0.2450666837966322 300
1750575028311 0.24065679829711298 310
1750577743413 0.23449714891380924 320
1750580437726 0.24295025422904803 330
1750583287182 0.23432582588021877 340
1750586274948 0.24666328170825072 350
1750589306668 0.24818627945924074 360
