1750481586734 1.0 1
1750481724146 1.0 2
1750481832814 1.0 3
1750482016497 1.0 4
1750482201301 1.0 5
1750482380803 1.0 6
1750482564390 1.0 7
1750482745714 1.0 8
1750482894864 1.0 9
1750483320027 1.0 10
1750483507848 1.0 11
1750483697444 1.0 12
1750483881875 1.0 13
1750484072225 1.0 14
1750484237673 1.0 15
1750484426285 1.0 16
1750484617699 1.0 17
1750484810366 1.0 18
1750485006758 1.0 19
1750485461323 1.0 20
1750485658690 1.0 21
1750485856395 1.0 22
1750486055923 1.0 23
1750486255075 1.0 24
1750486464304 1.0 25
1750486670834 1.0 26
1750486877955 1.0 27
1750487090325 1.0 28
1750487299022 1.0 29
1750487900539 1.0 30
1750488112613 1.0 31
1750488331135 1.0 32
1750488552314 1.0 33
1750488763423 1.0 34
1750488983091 1.0 35
1750489201265 1.0 36
1750489424197 1.0 37
1750489639204 1.0 38
1750489851844 1.0 39
1750490401099 1.0 40
1750490616254 1.0 41
1750491049354 1.0 42
1750491260613 1.0 43
1750491474715 1.0 44
1750491688598 1.0 45
1750491903750 1.0 46
1750492121865 1.0 47
1750492345436 1.0 48
1750492561225 1.0 49
1750493146016 1.0 50
1750493361671 1.0 51
1750493578289 1.0 52
1750493797259 1.0 53
1750494011398 1.0 54
1750494226708 1.0 55
1750494443621 1.0 56
1750494660401 1.0 57
1750494883387 1.0 58
1750495097515 1.0 59
1750495625100 1.0 60
1750495844165 1.0 61
1750496077414 1.0 62
1750496299699 1.0 63
1750496513078 1.0 64
1750496729600 1.0 65
1750496948033 1.0 66
1750497168813 1.0 67
1750497387373 1.0 68
1750497607822 1.0 69
1750498117766 1.0 70
1750498337646 1.0 71
1750498561268 1.0 72
1750498786743 1.0 73
1750499003660 1.0 74
1750499222479 1.0 75
1750499451830 1.0 76
1750499677281 1.0 77
1750499896776 1.0 78
1750500123128 1.0 79
1750500701062 1.0 80
1750500928911 1.0 81
1750501153788 1.0 82
1750501385461 1.0 83
1750501616857 1.0 84
1750501838041 1.0 85
1750502063543 1.0 86
1750502292394 1.0 87
1750502520623 1.0 88
1750502748231 1.0 89
1750503369073 1.0 90
1750503605433 1.0 91
1750503844836 1.0 92
1750504077800 1.0 93
1750504320174 1.0 94
1750504556423 1.0 95
1750504786139 1.0 96
1750505024333 1.0 97
1750505260664 1.0 98
1750505494707 1.0 99
1750506066426 1.0 100
1750506297986 1.0 101
1750506542699 1.0 102
1750506781651 1.0 103
1750507043667 1.0 104
1750507287503 1.0 105
1750507525749 1.0 106
1750507772569 1.0 107
1750508018680 1.0 108
1750508265530 1.0 109
1750508828561 1.0 110
1750509077573 1.0 111
1750509321631 1.0 112
1750509573962 1.0 113
1750509825399 1.0 114
1750510084926 1.0 115
1750510359439 1.0 116
1750510634817 1.0 117
1750510912646 1.0 118
1750511213840 1.0 119
1750512203481 1.0 120
1750512516319 1.0 121
1750512830077 1.0 122
1750513143484 1.0 123
1750513442925 1.0 124
1750513741978 1.0 125
1750514046624 1.0 126
1750514364120 1.0 127
1750514695407 1.0 128
1750515080354 1.0 129
1750516315499 1.0 130
1750516694296 1.0 131
1750517095134 1.0 132
1750517461997 1.0 133
1750517848025 1.0 134
1750518213838 1.0 135
1750518565175 1.0 136
1750518917750 1.0 137
1750519279625 1.0 138
1750519598684 1.0 139
1750520648721 1.0 140
1750520982281 1.0 141
1750521336895 1.0 142
1750521679480 1.0 143
1750522038555 1.0 144
1750522374845 1.0 145
1750522705318 1.0 146
1750523030847 1.0 147
1750523374472 1.0 148
1750523694320 1.0 149
1750524719759 1.0 150
1750525032970 1.0 151
1750525354946 1.0 152
1750525677414 1.0 153
1750525997372 1.0 154
1750526323544 1.0 155
1750526653863 1.0 156
1750526979770 1.0 157
1750527311525 1.0 158
1750527630532 1.0 159
1750528511966 1.0 160
1750528827885 1.0 161
1750529146063 1.0 162
1750529457979 1.0 163
1750529771115 1.0 164
1750530078631 1.0 165
1750530382115 1.0 166
1750530691782 1.0 167
1750530989560 1.0 168
1750531278705 1.0 169
1750532008171 1.0 170
1750532288290 1.0 171
1750532565634 1.0 172
1750532861050 1.0 173
1750533154806 1.0 174
1750533441192 1.0 175
1750533726194 1.0 176
1750533997909 1.0 177
1750534268259 1.0 178
1750534552013 1.0 179
1750535251430 1.0 180
1750535531196 1.0 181
1750535811969 1.0 182
1750536091438 1.0 183
1750536367799 1.0 184
1750536672831 1.0 185
1750536955205 1.0 186
1750537247089 1.0 187
1750537548642 1.0 188
1750537862422 1.0 189
1750538654810 1.0 190
1750538954617 1.0 191
1750539258386 1.0 192
1750539547146 1.0 193
1750539842737 1.0 194
1750540128683 1.0 195
1750540405826 1.0 196
1750540692466 1.0 197
1750540973180 1.0 198
1750541270685 1.0 199
1750541989864 1.0 200
1750542267873 1.0 201
1750542548953 1.0 202
1750542832769 1.0 203
1750543104263 1.0 204
1750543385257 1.0 205
1750543651429 1.0 206
1750543937350 1.0 207
1750544206476 1.0 208
1750544483514 1.0 209
1750545129814 1.0 210
1750545408626 1.0 211
1750545682279 1.0 212
1750545954874 1.0 213
1750546230031 1.0 214
1750546508009 1.0 215
1750546777855 1.0 216
1750547058762 1.0 217
1750547317700 1.0 218
1750547595676 1.0 219
1750548245774 1.0 220
1750548514137 1.0 221
1750548767764 1.0 222
1750549030480 1.0 223
1750549284716 1.0 224
1750549536555 1.0 225
1750549789196 1.0 226
1750550054297 1.0 227
1750550305629 1.0 228
1750550574349 1.0 229
1750551257471 1.0 230
1750551524919 1.0 231
1750551790166 1.0 232
1750552059496 1.0 233
1750552333649 1.0 234
1750552590382 1.0 235
1750552847177 1.0 236
1750553114323 1.0 237
1750553372220 1.0 238
1750553641163 1.0 239
1750554272843 1.0 240
1750554532658 1.0 241
1750554807212 1.0 242
1750555070866 1.0 243
1750555348177 1.0 244
1750555619029 1.0 245
1750555912096 1.0 246
1750556201548 1.0 247
1750556465995 1.0 248
1750556780891 1.0 249
1750557434440 1.0 250
1750557703331 1.0 251
1750557977141 1.0 252
1750558270312 1.0 253
1750558538189 1.0 254
1750558818213 1.0 255
1750559082238 1.0 256
1750559346839 1.0 257
1750559607780 1.0 258
1750559884350 1.0 259
1750560510267 1.0 260
1750560772825 1.0 261
1750561042523 1.0 262
1750561299174 1.0 263
1750561558060 1.0 264
1750561813783 1.0 265
1750562080828 1.0 266
1750562357766 1.0 267
1750562618644 1.0 268
1750562877322 1.0 269
1750563572426 1.0 270
1750563846289 1.0 271
1750564111453 1.0 272
1750564385175 1.0 273
1750564653742 1.0 274
1750564938901 1.0 275
1750565205499 1.0 276
1750565465980 1.0 277
1750565726126 1.0 278
1750565984939 1.0 279
1750566634927 1.0 280
1750566897081 1.0 281
1750567156743 1.0 282
1750567416131 1.0 283
1750567666229 1.0 284
1750567916494 1.0 285
1750568163374 1.0 286
1750568419893 1.0 287
1750568668858 1.0 288
1750568917138 1.0 289
1750569517460 1.0 290
1750569774871 1.0 291
1750570017665 1.0 292
1750570255484 1.0 293
1750570499592 1.0 294
1750570743114 1.0 295
1750570978414 1.0 296
1750571217660 1.0 297
1750571446322 1.0 298
1750571678782 1.0 299
1750572286226 1.0 300
1750572519633 1.0 301
1750572752237 1.0 302
1750572991831 1.0 303
1750573234036 1.0 304
1750573474743 1.0 305
1750573721816 1.0 306
1750573973234 1.0 307
1750574214107 1.0 308
1750574457892 1.0 309
1750575028311 1.0 310
1750575289526 1.0 311
1750575532092 1.0 312
1750575773233 1.0 313
1750576005294 1.0 314
1750576241584 1.0 315
1750576483151 1.0 316
1750576723255 1.0 317
1750576965245 1.0 318
1750577200702 1.0 319
1750577743413 1.0 320
1750577986432 1.0 321
1750578221438 1.0 322
1750578460447 1.0 323
1750578717224 1.0 324
1750578951944 1.0 325
1750579187775 1.0 326
1750579433673 1.0 327
1750579672538 1.0 328
1750579906586 1.0 329
1750580437726 1.0 330
1750580672853 1.0 331
1750580907008 1.0 332
1750581143983 1.0 333
1750581389719 1.0 334
1750581655932 1.0 335
1750581897205 1.0 336
1750582151126 1.0 337
1750582400200 1.0 338
1750582654460 1.0 339
1750583287182 1.0 340
1750583545854 1.0 341
1750583820405 1.0 342
1750584086648 1.0 343
1750584354456 1.0 344
1750584624306 1.0 345
1750584881629 1.0 346
1750585136212 1.0 347
1750585383584 1.0 348
1750585633146 1.0 349
1750586274948 1.0 350
1750586529890 1.0 351
1750586789633 1.0 352
1750587046206 1.0 353
1750587294912 1.0 354
1750587560299 1.0 355
1750587831560 1.0 356
1750588108048 1.0 357
1750588384769 1.0 358
1750588652810 1.0 359
1750589306668 1.0 360
1750589578132 1.0 361
1750589866094 1.0 362
1750590140044 1.0 363
1750590410062 1.0 364
1750590675051 1.0 365
