1750481586734 542.0 1
1750481724146 445.0 2
1750481832814 366.0 3
1750482016497 485.0 4
1750482201301 511.0 5
1750482380803 525.0 6
1750482564390 395.0 7
1750482745714 477.0 8
1750482894864 517.0 9
1750483320027 345.0 10
1750483507848 601.0 11
1750483697444 527.0 12
1750483881875 412.0 13
1750484072225 658.0 14
1750484237673 492.0 15
1750484426285 513.0 16
1750484617699 565.0 17
1750484810366 363.0 18
1750485006758 584.0 19
1750485461323 498.0 20
1750485658690 512.0 21
1750485856395 404.0 22
1750486055923 543.0 23
1750486255075 445.0 24
1750486464304 786.0 25
1750486670834 993.0 26
1750486877955 512.0 27
1750487090325 448.0 28
1750487299022 421.0 29
1750487900539 500.0 30
1750488112613 455.0 31
1750488331135 369.0 32
1750488552314 432.0 33
1750488763423 682.0 34
1750488983091 459.0 35
1750489201265 394.0 36
1750489424197 408.0 37
1750489639204 383.0 38
1750489851844 392.0 39
1750490401099 499.0 40
1750490616254 437.0 41
1750491049354 474.0 42
1750491260613 422.0 43
1750491474715 540.0 44
1750491688598 724.0 45
1750491903750 401.0 46
1750492121865 726.0 47
1750492345436 650.0 48
1750492561225 438.0 49
1750493146016 495.0 50
1750493361671 724.0 51
1750493578289 510.0 52
1750493797259 445.0 53
1750494011398 390.0 54
1750494226708 642.0 55
1750494443621 383.0 56
1750494660401 525.0 57
1750494883387 401.0 58
1750495097515 472.0 59
1750495625100 528.0 60
1750495844165 382.0 61
1750496077414 507.0 62
1750496299699 497.0 63
1750496513078 678.0 64
1750496729600 502.0 65
1750496948033 681.0 66
1750497168813 763.0 67
1750497387373 419.0 68
1750497607822 498.0 69
1750498117766 754.0 70
1750498337646 546.0 71
1750498561268 622.0 72
1750498786743 411.0 73
1750499003660 589.0 74
1750499222479 441.0 75
1750499451830 427.0 76
1750499677281 494.0 77
1750499896776 569.0 78
1750500123128 610.0 79
1750500701062 486.0 80
1750500928911 588.0 81
1750501153788 407.0 82
1750501385461 404.0 83
1750501616857 384.0 84
1750501838041 462.0 85
1750502063543 467.0 86
1750502292394 494.0 87
1750502520623 472.0 88
1750502748231 987.0 89
1750503369073 521.0 90
1750503605433 418.0 91
1750503844836 703.0 92
1750504077800 613.0 93
1750504320174 466.0 94
1750504556423 457.0 95
1750504786139 362.0 96
1750505024333 374.0 97
1750505260664 381.0 98
1750505494707 391.0 99
1750506066426 826.0 100
1750506297986 449.0 101
1750506542699 552.0 102
1750506781651 830.0 103
1750507043667 374.0 104
1750507287503 504.0 105
1750507525749 383.0 106
1750507772569 519.0 107
1750508018680 725.0 108
1750508265530 436.0 109
1750508828561 412.0 110
1750509077573 379.0 111
1750509321631 498.0 112
1750509573962 994.0 113
1750509825399 363.0 114
1750510084926 438.0 115
1750510359439 568.0 116
1750510634817 447.0 117
1750510912646 675.0 118
1750511213840 344.0 119
1750512203481 522.0 120
1750512516319 499.0 121
1750512830077 489.0 122
1750513143484 448.0 123
1750513442925 445.0 124
1750513741978 923.0 125
1750514046624 384.0 126
1750514364120 361.0 127
1750514695407 580.0 128
1750515080354 333.0 129
1750516315499 566.0 130
1750516694296 408.0 131
1750517095134 431.0 132
1750517461997 664.0 133
1750517848025 438.0 134
1750518213838 432.0 135
1750518565175 535.0 136
1750518917750 372.0 137
1750519279625 459.0 138
1750519598684 699.0 139
1750520648721 695.0 140
1750520982281 687.0 141
1750521336895 446.0 142
1750521679480 741.0 143
1750522038555 409.0 144
1750522374845 449.0 145
1750522705318 376.0 146
1750523030847 458.0 147
1750523374472 959.0 148
1750523694320 419.0 149
1750524719759 371.0 150
1750525032970 458.0 151
1750525354946 487.0 152
1750525677414 486.0 153
1750525997372 465.0 154
1750526323544 520.0 155
1750526653863 479.0 156
1750526979770 553.0 157
1750527311525 518.0 158
1750527630532 616.0 159
1750528511966 524.0 160
1750528827885 356.0 161
1750529146063 400.0 162
1750529457979 491.0 163
1750529771115 398.0 164
1750530078631 494.0 165
1750530382115 505.0 166
1750530691782 485.0 167
1750530989560 516.0 168
1750531278705 767.0 169
1750532008171 500.0 170
1750532288290 432.0 171
1750532565634 429.0 172
1750532861050 821.0 173
1750533154806 494.0 174
1750533441192 500.0 175
1750533726194 820.0 176
1750533997909 481.0 177
1750534268259 478.0 178
1750534552013 478.0 179
1750535251430 721.0 180
1750535531196 503.0 181
1750535811969 433.0 182
1750536091438 511.0 183
1750536367799 417.0 184
1750536672831 408.0 185
1750536955205 378.0 186
1750537247089 691.0 187
1750537548642 396.0 188
1750537862422 482.0 189
1750538654810 461.0 190
1750538954617 434.0 191
1750539258386 740.0 192
1750539547146 730.0 193
1750539842737 900.0 194
1750540128683 596.0 195
1750540405826 357.0 196
1750540692466 487.0 197
1750540973180 426.0 198
1750541270685 419.0 199
1750541989864 458.0 200
1750542267873 483.0 201
1750542548953 827.0 202
1750542832769 540.0 203
1750543104263 639.0 204
1750543385257 423.0 205
1750543651429 499.0 206
1750543937350 527.0 207
1750544206476 452.0 208
1750544483514 521.0 209
1750545129814 976.0 210
1750545408626 603.0 211
1750545682279 346.0 212
1750545954874 460.0 213
1750546230031 571.0 214
1750546508009 442.0 215
1750546777855 361.0 216
1750547058762 576.0 217
1750547317700 375.0 218
1750547595676 548.0 219
1750548245774 882.0 220
1750548514137 471.0 221
1750548767764 849.0 222
1750549030480 664.0 223
1750549284716 383.0 224
1750549536555 420.0 225
1750549789196 617.0 226
1750550054297 447.0 227
1750550305629 870.0 228
1750550574349 603.0 229
1750551257471 757.0 230
1750551524919 875.0 231
1750551790166 478.0 232
1750552059496 540.0 233
1750552333649 471.0 234
1750552590382 363.0 235
1750552847177 1003.0 236
1750553114323 454.0 237
1750553372220 403.0 238
1750553641163 357.0 239
1750554272843 474.0 240
1750554532658 500.0 241
1750554807212 492.0 242
1750555070866 814.0 243
1750555348177 489.0 244
1750555619029 423.0 245
1750555912096 388.0 246
1750556201548 495.0 247
1750556465995 431.0 248
1750556780891 626.0 249
1750557434440 458.0 250
1750557703331 411.0 251
1750557977141 408.0 252
1750558270312 404.0 253
1750558538189 375.0 254
1750558818213 476.0 255
1750559082238 435.0 256
1750559346839 615.0 257
1750559607780 712.0 258
1750559884350 360.0 259
1750560510267 483.0 260
1750560772825 654.0 261
1750561042523 457.0 262
1750561299174 478.0 263
1750561558060 439.0 264
1750561813783 486.0 265
1750562080828 414.0 266
1750562357766 543.0 267
1750562618644 533.0 268
1750562877322 683.0 269
1750563572426 477.0 270
1750563846289 398.0 271
1750564111453 430.0 272
1750564385175 511.0 273
1750564653742 399.0 274
1750564938901 519.0 275
1750565205499 709.0 276
1750565465980 513.0 277
1750565726126 477.0 278
1750565984939 450.0 279
1750566634927 440.0 280
1750566897081 366.0 281
1750567156743 518.0 282
1750567416131 370.0 283
1750567666229 813.0 284
1750567916494 638.0 285
1750568163374 372.0 286
1750568419893 435.0 287
1750568668858 380.0 288
1750568917138 396.0 289
1750569517460 474.0 290
1750569774871 387.0 291
1750570017665 462.0 292
1750570255484 443.0 293
1750570499592 580.0 294
1750570743114 391.0 295
1750570978414 429.0 296
1750571217660 427.0 297
1750571446322 504.0 298
1750571678782 347.0 299
1750572286226 575.0 300
1750572519633 569.0 301
1750572752237 497.0 302
1750572991831 775.0 303
1750573234036 515.0 304
1750573474743 418.0 305
1750573721816 400.0 306
1750573973234 517.0 307
1750574214107 418.0 308
1750574457892 447.0 309
1750575028311 481.0 310
1750575289526 514.0 311
1750575532092 531.0 312
1750575773233 489.0 313
1750576005294 385.0 314
1750576241584 423.0 315
1750576483151 459.0 316
1750576723255 535.0 317
1750576965245 518.0 318
1750577200702 477.0 319
1750577743413 580.0 320
1750577986432 428.0 321
1750578221438 435.0 322
1750578460447 605.0 323
1750578717224 352.0 324
1750578951944 393.0 325
1750579187775 449.0 326
1750579433673 411.0 327
1750579672538 487.0 328
1750579906586 484.0 329
1750580437726 376.0 330
1750580672853 404.0 331
1750580907008 434.0 332
1750581143983 394.0 333
1750581389719 801.0 334
1750581655932 755.0 335
1750581897205 791.0 336
1750582151126 451.0 337
1750582400200 782.0 338
1750582654460 461.0 339
1750583287182 395.0 340
1750583545854 333.0 341
1750583820405 404.0 342
1750584086648 554.0 343
1750584354456 772.0 344
1750584624306 407.0 345
1750584881629 668.0 346
1750585136212 913.0 347
1750585383584 442.0 348
1750585633146 1019.0 349
1750586274948 497.0 350
1750586529890 527.0 351
1750586789633 406.0 352
1750587046206 428.0 353
1750587294912 381.0 354
1750587560299 386.0 355
1750587831560 342.0 356
1750588108048 473.0 357
1750588384769 379.0 358
1750588652810 512.0 359
1750589306668 477.0 360
1750589578132 486.0 361
1750589866094 519.0 362
1750590140044 566.0 363
1750590410062 342.0 364
1750590675051 370.0 365
