1750481586734 235.375 1
1750481724146 243.7421875 2
1750481832814 233.3828125 3
1750482016497 241.8671875 4
1750482201301 238.359375 5
1750482380803 240.4375 6
1750482564390 236.40625 7
1750482745714 232.671875 8
1750482894864 238.890625 9
1750483320027 227.5390625 10
1750483507848 248.1171875 11
1750483697444 246.421875 12
1750483881875 240.515625 13
1750484072225 241.234375 14
1750484237673 236.4296875 15
1750484426285 238.703125 16
1750484617699 241.703125 17
1750484810366 236.0546875 18
1750485006758 243.5546875 19
1750485461323 235.140625 20
1750485658690 231.6796875 21
1750485856395 240.0 22
1750486055923 239.328125 23
1750486255075 237.7109375 24
1750486464304 241.796875 25
1750486670834 241.9765625 26
1750486877955 239.5625 27
1750487090325 245.2734375 28
1750487299022 227.296875 29
1750487900539 233.796875 30
1750488112613 238.8515625 31
1750488331135 232.8828125 32
1750488552314 233.7578125 33
1750488763423 239.421875 34
1750488983091 234.1796875 35
1750489201265 230.96875 36
1750489424197 237.71875 37
1750489639204 240.890625 38
1750489851844 238.71875 39
1750490401099 237.328125 40
1750490616254 239.8046875 41
1750491049354 239.4765625 42
1750491260613 233.859375 43
1750491474715 238.96875 44
1750491688598 246.3046875 45
1750491903750 239.9453125 46
1750492121865 242.6953125 47
1750492345436 246.4140625 48
1750492561225 232.578125 49
1750493146016 239.515625 50
1750493361671 248.625 51
1750493578289 241.671875 52
1750493797259 237.84375 53
1750494011398 232.9296875 54
1750494226708 233.921875 55
1750494443621 240.078125 56
1750494660401 243.40625 57
1750494883387 236.7109375 58
1750495097515 236.9765625 59
1750495625100 244.375 60
1750495844165 231.6484375 61
1750496077414 240.765625 62
1750496299699 239.90625 63
1750496513078 248.8203125 64
1750496729600 242.921875 65
1750496948033 248.421875 66
1750497168813 251.171875 67
1750497387373 237.2734375 68
1750497607822 237.25 69
1750498117766 242.625 70
1750498337646 242.2265625 71
1750498561268 240.9296875 72
1750498786743 239.421875 73
1750499003660 240.2421875 74
1750499222479 237.84375 75
1750499451830 240.078125 76
1750499677281 240.6015625 77
1750499896776 252.1484375 78
1750500123128 232.6015625 79
1750500701062 245.703125 80
1750500928911 240.96875 81
1750501153788 243.7265625 82
1750501385461 238.5546875 83
1750501616857 232.84375 84
1750501838041 239.640625 85
1750502063543 247.8515625 86
1750502292394 231.4375 87
1750502520623 240.2109375 88
1750502748231 247.96875 89
1750503369073 252.2109375 90
1750503605433 242.6015625 91
1750503844836 250.0859375 92
1750504077800 236.09375 93
1750504320174 234.453125 94
1750504556423 232.5703125 95
1750504786139 232.9765625 96
1750505024333 239.71875 97
1750505260664 233.9609375 98
1750505494707 237.1640625 99
1750506066426 236.75 100
1750506297986 235.859375 101
1750506542699 248.3671875 102
1750506781651 245.390625 103
1750507043667 232.046875 104
1750507287503 237.78125 105
1750507525749 234.0703125 106
1750507772569 242.3046875 107
1750508018680 244.8984375 108
1750508265530 240.28125 109
1750508828561 240.375 110
1750509077573 235.3125 111
1750509321631 236.921875 112
1750509573962 245.4140625 113
1750509825399 230.828125 114
1750510084926 236.2890625 115
1750510359439 238.5703125 116
1750510634817 235.2421875 117
1750510912646 248.3984375 118
1750511213840 239.734375 119
1750512203481 234.59375 120
1750512516319 233.546875 121
1750512830077 242.7890625 122
1750513143484 238.09375 123
1750513442925 238.390625 124
1750513741978 245.234375 125
1750514046624 233.2265625 126
1750514364120 233.4453125 127
1750514695407 239.0859375 128
1750515080354 228.6640625 129
1750516315499 232.2109375 130
1750516694296 238.46875 131
1750517095134 241.046875 132
1750517461997 248.0625 133
1750517848025 237.890625 134
1750518213838 236.8046875 135
1750518565175 240.046875 136
1750518917750 233.734375 137
1750519279625 234.2578125 138
1750519598684 243.9375 139
1750520648721 242.578125 140
1750520982281 235.6953125 141
1750521336895 239.1328125 142
1750521679480 239.9296875 143
1750522038555 241.8515625 144
1750522374845 244.0390625 145
1750522705318 236.9765625 146
1750523030847 237.96875 147
1750523374472 246.890625 148
1750523694320 236.515625 149
1750524719759 239.8125 150
1750525032970 239.984375 151
1750525354946 244.2734375 152
1750525677414 241.46875 153
1750525997372 237.8359375 154
1750526323544 238.2265625 155
1750526653863 238.359375 156
1750526979770 241.453125 157
1750527311525 242.4921875 158
1750527630532 244.578125 159
1750528511966 236.890625 160
1750528827885 233.484375 161
1750529146063 238.453125 162
1750529457979 244.9921875 163
1750529771115 235.640625 164
1750530078631 238.390625 165
1750530382115 240.34375 166
1750530691782 238.8515625 167
1750530989560 237.1171875 168
1750531278705 250.25 169
1750532008171 235.8984375 170
1750532288290 232.921875 171
1750532565634 237.5234375 172
1750532861050 246.0078125 173
1750533154806 245.03125 174
1750533441192 234.9921875 175
1750533726194 239.4453125 176
1750533997909 233.953125 177
1750534268259 242.578125 178
1750534552013 245.90625 179
1750535251430 243.4765625 180
1750535531196 243.2109375 181
1750535811969 235.3828125 182
1750536091438 241.03125 183
1750536367799 236.9296875 184
1750536672831 237.7109375 185
1750536955205 238.4453125 186
1750537247089 244.0859375 187
1750537548642 234.3984375 188
1750537862422 238.3984375 189
1750538654810 238.421875 190
1750538954617 246.5546875 191
1750539258386 247.84375 192
1750539547146 243.0 193
1750539842737 248.234375 194
1750540128683 236.7109375 195
1750540405826 230.2421875 196
1750540692466 238.5859375 197
1750540973180 239.2890625 198
1750541270685 244.1171875 199
1750541989864 241.0859375 200
1750542267873 235.2734375 201
1750542548953 237.015625 202
1750542832769 241.65625 203
1750543104263 243.421875 204
1750543385257 235.6953125 205
1750543651429 238.8671875 206
1750543937350 245.140625 207
1750544206476 237.0390625 208
1750544483514 252.1640625 209
1750545129814 249.78125 210
1750545408626 244.3828125 211
1750545682279 239.1015625 212
1750545954874 239.0859375 213
1750546230031 246.875 214
1750546508009 233.1484375 215
1750546777855 240.296875 216
1750547058762 235.34375 217
1750547317700 235.1796875 218
1750547595676 239.1953125 219
1750548245774 238.109375 220
1750548514137 232.46875 221
1750548767764 249.09375 222
1750549030480 242.3828125 223
1750549284716 240.2734375 224
1750549536555 242.84375 225
1750549789196 234.9296875 226
1750550054297 235.515625 227
1750550305629 248.3046875 228
1750550574349 244.03125 229
1750551257471 243.875 230
1750551524919 238.359375 231
1750551790166 239.0234375 232
1750552059496 244.4921875 233
1750552333649 243.90625 234
1750552590382 234.75 235
1750552847177 253.53125 236
1750553114323 244.4765625 237
1750553372220 238.8203125 238
1750553641163 234.1875 239
1750554272843 240.890625 240
1750554532658 244.0390625 241
1750554807212 236.796875 242
1750555070866 242.40625 243
1750555348177 232.734375 244
1750555619029 237.7578125 245
1750555912096 244.03125 246
1750556201548 240.8359375 247
1750556465995 242.4609375 248
1750556780891 239.40625 249
1750557434440 229.9921875 250
1750557703331 232.8359375 251
1750557977141 239.7421875 252
1750558270312 232.046875 253
1750558538189 235.9765625 254
1750558818213 243.765625 255
1750559082238 242.546875 256
1750559346839 235.7578125 257
1750559607780 242.078125 258
1750559884350 233.15625 259
1750560510267 239.3359375 260
1750560772825 242.40625 261
1750561042523 236.7421875 262
1750561299174 233.90625 263
1750561558060 235.8203125 264
1750561813783 238.109375 265
1750562080828 247.7890625 266
1750562357766 238.6640625 267
1750562618644 242.2890625 268
1750562877322 238.5078125 269
1750563572426 244.796875 270
1750563846289 233.1015625 271
1750564111453 235.6484375 272
1750564385175 238.234375 273
1750564653742 230.2109375 274
1750564938901 233.0234375 275
1750565205499 241.6953125 276
1750565465980 242.40625 277
1750565726126 233.3046875 278
1750565984939 241.40625 279
1750566634927 239.984375 280
1750566897081 237.375 281
1750567156743 238.0703125 282
1750567416131 230.890625 283
1750567666229 239.34375 284
1750567916494 237.484375 285
1750568163374 235.671875 286
1750568419893 236.78125 287
1750568668858 231.6953125 288
1750568917138 238.3203125 289
1750569517460 243.5390625 290
1750569774871 234.1953125 291
1750570017665 238.3125 292
1750570255484 239.1640625 293
1750570499592 234.765625 294
1750570743114 240.6953125 295
1750570978414 240.34375 296
1750571217660 238.21875 297
1750571446322 236.4140625 298
1750571678782 238.359375 299
1750572286226 237.1640625 300
1750572519633 239.8359375 301
1750572752237 230.921875 302
1750572991831 241.6171875 303
1750573234036 243.796875 304
1750573474743 235.609375 305
1750573721816 238.375 306
1750573973234 237.203125 307
1750574214107 240.296875 308
1750574457892 242.1171875 309
1750575028311 242.78125 310
1750575289526 239.0 311
1750575532092 240.578125 312
1750575773233 239.3046875 313
1750576005294 236.5703125 314
1750576241584 238.375 315
1750576483151 238.4375 316
1750576723255 236.703125 317
1750576965245 245.1171875 318
1750577200702 239.7109375 319
1750577743413 237.140625 320
1750577986432 232.3671875 321
1750578221438 235.7421875 322
1750578460447 240.2734375 323
1750578717224 235.0234375 324
1750578951944 233.7421875 325
1750579187775 235.3203125 326
1750579433673 241.375 327
1750579672538 244.734375 328
1750579906586 233.6640625 329
1750580437726 239.109375 330
1750580672853 235.4296875 331
1750580907008 235.6953125 332
1750581143983 237.8125 333
1750581389719 253.6328125 334
1750581655932 244.6640625 335
1750581897205 246.3671875 336
1750582151126 243.5390625 337
1750582400200 240.34375 338
1750582654460 241.28125 339
1750583287182 227.453125 340
1750583545854 230.5 341
1750583820405 239.0703125 342
1750584086648 243.5703125 343
1750584354456 242.484375 344
1750584624306 235.1953125 345
1750584881629 241.0078125 346
1750585136212 244.5703125 347
1750585383584 233.5703125 348
1750585633146 238.5625 349
1750586274948 239.453125 350
1750586529890 242.328125 351
1750586789633 238.625 352
1750587046206 234.8984375 353
1750587294912 234.5703125 354
1750587560299 235.53125 355
1750587831560 238.59375 356
1750588108048 242.2265625 357
1750588384769 236.4296875 358
1750588652810 240.1015625 359
1750589306668 242.4765625 360
1750589578132 244.3828125 361
1750589866094 244.4375 362
1750590140044 246.7890625 363
1750590410062 232.8203125 364
1750590675051 229.984375 365
