1750481586734 171.0 1
1750481724146 172.0 2
1750481832814 171.0 3
1750482016497 173.0 4
1750482201301 173.0 5
1750482380803 174.0 6
1750482564390 176.0 7
1750482745714 171.0 8
1750482894864 173.0 9
1750483320027 166.0 10
1750483507848 179.0 11
1750483697444 175.0 12
1750483881875 169.0 13
1750484072225 169.0 14
1750484237673 177.0 15
1750484426285 173.0 16
1750484617699 170.0 17
1750484810366 167.0 18
1750485006758 172.0 19
1750485461323 170.0 20
1750485658690 175.0 21
1750485856395 179.0 22
1750486055923 173.0 23
1750486255075 174.0 24
1750486464304 176.0 25
1750486670834 169.0 26
1750486877955 179.0 27
1750487090325 179.0 28
1750487299022 178.0 29
1750487900539 179.0 30
1750488112613 168.0 31
1750488331135 174.0 32
1750488552314 180.0 33
1750488763423 169.0 34
1750488983091 164.0 35
1750489201265 174.0 36
1750489424197 176.0 37
1750489639204 177.0 38
1750489851844 167.0 39
1750490401099 174.0 40
1750490616254 176.0 41
1750491049354 175.0 42
1750491260613 176.0 43
1750491474715 175.0 44
1750491688598 168.0 45
1750491903750 173.0 46
1750492121865 178.0 47
1750492345436 180.0 48
1750492561225 176.0 49
1750493146016 175.0 50
1750493361671 179.0 51
1750493578289 178.0 52
1750493797259 176.0 53
1750494011398 177.0 54
1750494226708 172.0 55
1750494443621 166.0 56
1750494660401 176.0 57
1750494883387 177.0 58
1750495097515 175.0 59
1750495625100 172.0 60
1750495844165 171.0 61
1750496077414 168.0 62
1750496299699 169.0 63
1750496513078 176.0 64
1750496729600 175.0 65
1750496948033 173.0 66
1750497168813 180.0 67
1750497387373 169.0 68
1750497607822 179.0 69
1750498117766 169.0 70
1750498337646 174.0 71
1750498561268 168.0 72
1750498786743 172.0 73
1750499003660 171.0 74
1750499222479 173.0 75
1750499451830 171.0 76
1750499677281 180.0 77
1750499896776 177.0 78
1750500123128 175.0 79
1750500701062 170.0 80
1750500928911 162.0 81
1750501153788 171.0 82
1750501385461 176.0 83
1750501616857 173.0 84
1750501838041 166.0 85
1750502063543 181.0 86
1750502292394 173.0 87
1750502520623 179.0 88
1750502748231 172.0 89
1750503369073 173.0 90
1750503605433 178.0 91
1750503844836 181.0 92
1750504077800 176.0 93
1750504320174 175.0 94
1750504556423 176.0 95
1750504786139 173.0 96
1750505024333 170.0 97
1750505260664 176.0 98
1750505494707 171.0 99
1750506066426 173.0 100
1750506297986 174.0 101
1750506542699 177.0 102
1750506781651 166.0 103
1750507043667 170.0 104
1750507287503 167.0 105
1750507525749 171.0 106
1750507772569 167.0 107
1750508018680 170.0 108
1750508265530 172.0 109
1750508828561 175.0 110
1750509077573 172.0 111
1750509321631 176.0 112
1750509573962 169.0 113
1750509825399 173.0 114
1750510084926 169.0 115
1750510359439 175.0 116
1750510634817 174.0 117
1750510912646 174.0 118
1750511213840 176.0 119
1750512203481 177.0 120
1750512516319 170.0 121
1750512830077 176.0 122
1750513143484 179.0 123
1750513442925 171.0 124
1750513741978 166.0 125
1750514046624 178.0 126
1750514364120 174.0 127
1750514695407 175.0 128
1750515080354 169.0 129
1750516315499 177.0 130
1750516694296 181.0 131
1750517095134 179.0 132
1750517461997 182.0 133
1750517848025 171.0 134
1750518213838 170.0 135
1750518565175 177.0 136
1750518917750 176.0 137
1750519279625 175.0 138
1750519598684 172.0 139
1750520648721 170.0 140
1750520982281 172.0 141
1750521336895 181.0 142
1750521679480 174.0 143
1750522038555 176.0 144
1750522374845 173.0 145
1750522705318 177.0 146
1750523030847 171.0 147
1750523374472 171.0 148
1750523694320 166.0 149
1750524719759 171.0 150
1750525032970 174.0 151
1750525354946 174.0 152
1750525677414 178.0 153
1750525997372 175.0 154
1750526323544 169.0 155
1750526653863 175.0 156
1750526979770 166.0 157
1750527311525 177.0 158
1750527630532 173.0 159
1750528511966 165.0 160
1750528827885 177.0 161
1750529146063 181.0 162
1750529457979 177.0 163
1750529771115 171.0 164
1750530078631 171.0 165
1750530382115 176.0 166
1750530691782 172.0 167
1750530989560 172.0 168
1750531278705 179.0 169
1750532008171 168.0 170
1750532288290 174.0 171
1750532565634 177.0 172
1750532861050 181.0 173
1750533154806 165.0 174
1750533441192 170.0 175
1750533726194 170.0 176
1750533997909 169.0 177
1750534268259 174.0 178
1750534552013 178.0 179
1750535251430 173.0 180
1750535531196 176.0 181
1750535811969 169.0 182
1750536091438 172.0 183
1750536367799 169.0 184
1750536672831 179.0 185
1750536955205 169.0 186
1750537247089 174.0 187
1750537548642 175.0 188
1750537862422 172.0 189
1750538654810 178.0 190
1750538954617 171.0 191
1750539258386 174.0 192
1750539547146 166.0 193
1750539842737 169.0 194
1750540128683 172.0 195
1750540405826 178.0 196
1750540692466 172.0 197
1750540973180 175.0 198
1750541270685 181.0 199
1750541989864 175.0 200
1750542267873 176.0 201
1750542548953 174.0 202
1750542832769 172.0 203
1750543104263 175.0 204
1750543385257 170.0 205
1750543651429 173.0 206
1750543937350 169.0 207
1750544206476 176.0 208
1750544483514 174.0 209
1750545129814 178.0 210
1750545408626 178.0 211
1750545682279 175.0 212
1750545954874 167.0 213
1750546230031 172.0 214
1750546508009 177.0 215
1750546777855 171.0 216
1750547058762 169.0 217
1750547317700 171.0 218
1750547595676 169.0 219
1750548245774 171.0 220
1750548514137 174.0 221
1750548767764 165.0 222
1750549030480 176.0 223
1750549284716 168.0 224
1750549536555 178.0 225
1750549789196 176.0 226
1750550054297 169.0 227
1750550305629 177.0 228
1750550574349 172.0 229
1750551257471 175.0 230
1750551524919 175.0 231
1750551790166 169.0 232
1750552059496 174.0 233
1750552333649 174.0 234
1750552590382 172.0 235
1750552847177 178.0 236
1750553114323 175.0 237
1750553372220 175.0 238
1750553641163 167.0 239
1750554272843 173.0 240
1750554532658 171.0 241
1750554807212 176.0 242
1750555070866 178.0 243
1750555348177 173.0 244
1750555619029 173.0 245
1750555912096 171.0 246
1750556201548 175.0 247
1750556465995 171.0 248
1750556780891 172.0 249
1750557434440 168.0 250
1750557703331 168.0 251
1750557977141 170.0 252
1750558270312 173.0 253
1750558538189 173.0 254
1750558818213 170.0 255
1750559082238 176.0 256
1750559346839 171.0 257
1750559607780 177.0 258
1750559884350 173.0 259
1750560510267 175.0 260
1750560772825 175.0 261
1750561042523 173.0 262
1750561299174 171.0 263
1750561558060 173.0 264
1750561813783 171.0 265
1750562080828 172.0 266
1750562357766 168.0 267
1750562618644 168.0 268
1750562877322 175.0 269
1750563572426 173.0 270
1750563846289 169.0 271
1750564111453 169.0 272
1750564385175 177.0 273
1750564653742 169.0 274
1750564938901 172.0 275
1750565205499 169.0 276
1750565465980 175.0 277
1750565726126 173.0 278
1750565984939 170.0 279
1750566634927 168.0 280
1750566897081 170.0 281
1750567156743 172.0 282
1750567416131 175.0 283
1750567666229 171.0 284
1750567916494 176.0 285
1750568163374 170.0 286
1750568419893 176.0 287
1750568668858 176.0 288
1750568917138 170.0 289
1750569517460 177.0 290
1750569774871 169.0 291
1750570017665 181.0 292
1750570255484 173.0 293
1750570499592 177.0 294
1750570743114 175.0 295
1750570978414 183.0 296
1750571217660 176.0 297
1750571446322 168.0 298
1750571678782 173.0 299
1750572286226 168.0 300
1750572519633 178.0 301
1750572752237 168.0 302
1750572991831 172.0 303
1750573234036 168.0 304
1750573474743 167.0 305
1750573721816 171.0 306
1750573973234 169.0 307
1750574214107 168.0 308
1750574457892 171.0 309
1750575028311 177.0 310
1750575289526 176.0 311
1750575532092 175.0 312
1750575773233 176.0 313
1750576005294 170.0 314
1750576241584 174.0 315
1750576483151 172.0 316
1750576723255 173.0 317
1750576965245 172.0 318
1750577200702 178.0 319
1750577743413 173.0 320
1750577986432 173.0 321
1750578221438 173.0 322
1750578460447 180.0 323
1750578717224 168.0 324
1750578951944 170.0 325
1750579187775 177.0 326
1750579433673 172.0 327
1750579672538 177.0 328
1750579906586 173.0 329
1750580437726 178.0 330
1750580672853 171.0 331
1750580907008 170.0 332
1750581143983 177.0 333
1750581389719 180.0 334
1750581655932 170.0 335
1750581897205 168.0 336
1750582151126 164.0 337
1750582400200 159.0 338
1750582654460 177.0 339
1750583287182 170.0 340
1750583545854 178.0 341
1750583820405 173.0 342
1750584086648 173.0 343
1750584354456 176.0 344
1750584624306 175.0 345
1750584881629 173.0 346
1750585136212 180.0 347
1750585383584 174.0 348
1750585633146 168.0 349
1750586274948 170.0 350
1750586529890 175.0 351
1750586789633 167.0 352
1750587046206 171.0 353
1750587294912 179.0 354
1750587560299 177.0 355
1750587831560 176.0 356
1750588108048 178.0 357
1750588384769 168.0 358
1750588652810 178.0 359
1750589306668 175.0 360
1750589578132 178.0 361
1750589866094 170.0 362
1750590140044 172.0 363
1750590410062 172.0 364
1750590675051 170.0 365
